t = 0
b = 16 16 16
E = 0 0 0
1.3695068359375 1.136567234992981 4.454166889190674 -0.573566929094451 -0.7721667074645551 0.27345850458983617 -0.2385780145898594 -0.16188926953888932 -0.9575345400362986 0 0 0 0 0 0
1.4256591796875 0.7603535652160645 4.0736613273620605 -0.9367622041717402 -0.17655757110660106 0.30216551246004364 -0.2303579142468883 -0.3389172779004302 -0.9121788805296833 0 0 0 0 0 0
1.25775146484375 0.30449891090393066 3.8027303218841553 -0.9005573324737699 0.4127120327913299 0.13662089487694032 -0.27835303292877484 -0.3059977129530411 -0.9104312103211648 0 0 0 0 0 0
1.04534912109375 -0.058008916676044464 3.448808431625366 -0.6723159069256637 0.7275993138072512 0.13634720327876024 -0.5070447576269426 -0.3184279457441722 -0.8009427302449168 0 0 0 0 0 0
0.5732421875 -0.24791255593299866 3.1488301753997803 -0.09368796736001936 0.9881286171474817 -0.12175549575338834 -0.5353837694127391 -0.1531086199622373 -0.8306154163887558 0 0 0 0 0 0
0.03143310546875 -0.2423608899116516 3.0465753078460693 0.35690003836573614 0.7590467509233236 -0.5444909480673504 -0.7122451345586069 -0.1560283872742966 -0.6843697908749147 0 0 0 0 0 0
-0.370849609375 -0.04087609797716141 2.5521562099456787 0.7462820901434808 0.5882785286232214 -0.31143444686157556 -0.4738569879757285 0.14094861128595995 -0.8692485512919362 0 0 0 0 0 0
-0.66192626953125 0.32874369621276855 2.221025228500366 0.938945155054455 0.05365752580347258 -0.3398571254577652 -0.34009725810430286 -0.004871128159593626 -0.9403776513403475 0 0 0 0 0 0
-0.75946044921875 0.604111909866333 1.830109715461731 0.756698651646667 -0.5793199864759192 -0.3029777283327222 -0.34401183797358614 0.04125114359281242 -0.9380587393582134 0 0 0 0 0 0
-0.78570556640625 0.8412749767303467 1.4099756479263306 0.34576671951298427 -0.9311816476800369 -0.11552538552682243 -0.3765145850254579 -0.024915626968719146 -0.9260755794187983 0 0 0 0 0 0
-0.52410888671875 0.8216240406036377 0.937903106212616 -0.24108920162991895 -0.9698088509404355 0.036698630697078 -0.25248955542963725 0.02616588843889024 -0.9672457653984058 0 0 0 0 0 0
-0.34857177734375 0.6689636707305908 0.5475031733512878 -0.6648255593076672 -0.7455120834630308 0.047103175071945745 0.13243329306775123 -0.1796882049882102 -0.9747684709075002 0 0 0 0 0 0
-0.1541748046875 0.2841147780418396 0.3326851725578308 -0.9591046279362874 -0.21726942792318502 -0.18141749739517296 0.2500417478409263 -0.3499665535942059 -0.902774908657772 0 0 0 0 0 0
-0.107421875 -0.10181308537721634 -0.007278264965862036 -0.9142781354568797 0.3562443647957944 -0.19283527575817738 0.07753027115973844 -0.313347449789501 -0.9464684002988762 0 0 0 0 0 0
-0.3182373046875 -0.5319967269897461 -0.3266671299934387 -0.5143596607951283 0.8104641301023691 -0.28032487075557694 0.06198325877212581 -0.29089180878548004 -0.9547460558774251 0 0 0 0 0 0
-0.59661865234375 -0.6655361652374268 -0.7210543751716614 0.0939942611023761 0.9555321513408902 -0.2795056110951415 0.05805246992061072 -0.285531292415437 -0.9566095294255054 0 0 0 0 0 0
-0.7987060546875 -0.7290863394737244 -1.2435258626937866 0.4934642408277567 0.868409347569696 -0.048561796485100506 0.17834274884733492 -0.1556722618231523 -0.9715760448016616 0 0 0 0 0 0
-0.9688720703125 -0.5247447490692139 -1.719694972038269 0.902232074488587 0.4272568300804053 0.05855668120432253 0.05890379138227571 0.012417810718469131 -0.9981864261438108 0 0 0 0 0 0
-0.92919921875 -0.3647767901420593 -2.235718011856079 0.9693379618621955 -0.016825588260237834 0.24515467622001724 0.24450618230718735 0.16554194679560857 -0.955412262149008 0 0 0 0 0 0
-0.6329345703125 -0.05809611827135086 -2.6366395950317383 0.7799630831874147 -0.5591055523071499 0.2811735589348667 0.4009894201289955 0.10152921994978699 -0.9104390712403548 0 0 0 0 0 0
-0.197265625 0.15282076597213745 -2.8528664112091064 0.3222701501287057 -0.9445431835386187 -0.06308823001759402 0.4263953058021888 0.20433683628396448 -0.8811546405298665 0 0 0 0 0 0
0.1944580078125 0.17909646034240723 -3.2012789249420166 -0.05142190797001335 -0.995440418503975 -0.0803377905431455 0.6330276847342107 0.029730010697602133 -0.773558062994605 0 0 0 0 0 0
0.67333984375 -0.07596243172883987 -3.4437320232391357 -0.5679094188732902 -0.7601132080920242 -0.31576384029691074 0.6037978709502639 -0.12400747639504084 -0.7874327125755329 0 0 0 0 0 0
0.95648193359375 -0.42150402069091797 -3.6531057357788086 -0.6552751105050973 0.07975790227979257 -0.7511678950650511 0.7428111427886527 -0.11268454594416219 -0.6599498460143572 0 0 0 0 0 0
1.206298828125 -0.727834939956665 -4.003885746002197 -0.40419515134214623 0.7480961337647091 -0.5262874255364588 0.5994760414234528 -0.21791184748284073 -0.7701577127354383 0 0 0 0 0 0
1.08416748046875 -1.2514642477035522 -3.783818483352661 -0.5624144974675962 0.058585240833220184 -0.82477736547191 0.4438111054508737 0.8630122077060607 -0.24133303136699852 0 0 0 0 0 0
0.57708740234375 -0.41803455352783203 -5.0091094970703125 -0.013275151384390584 -0.9134045634515418 0.4068364214541518 -0.5563326937673192 0.34482813293938636 0.7560340551715481 0 0 0 0 0 0
0.17315673828125 -0.36349424719810486 -4.573648929595947 0.6573291899961183 -0.6727611956366379 0.33957430648476356 -0.31094277756696365 0.16833179743745402 0.9354031190082795 0 0 0 0 0 0
-0.09429931640625 -0.6209813952445984 -4.191277503967285 0.9327756688728641 0.007161841343078978 0.3603862644265976 -0.36000190527419457 0.06875737356935079 0.9304144516175545 0 0 0 0 0 0
-0.13104248046875 -0.9152234196662903 -3.7754039764404297 0.7168606804616305 0.6452925108584513 0.26402337062859366 -0.32389606218594724 -0.027118842138777643 0.9457039226425411 0 0 0 0 0 0
-0.0396728515625 -1.0103559494018555 -3.283038377761841 0.32379085150981446 0.94571623391486 0.027933660491295535 -0.18555969943474326 0.034525096642280075 0.9820262805279343 0 0 0 0 0 0
0.15509033203125 -0.9720812439918518 -2.860077142715454 -0.3376881286062279 0.9410809117714439 -0.018260484600676034 -0.1588088001879518 -0.03784196062210521 0.9865838793529611 0 0 0 0 0 0
0.28778076171875 -0.8178491592407227 -2.4085605144500732 -0.7791586621189235 0.6151340674455896 -0.1205066733127021 -0.05477243755402495 0.12470015529928817 0.9906815085347681 0 0 0 0 0 0
0.2503662109375 -0.5413856506347656 -1.923230528831482 -0.9161481406224873 0.2097807155493549 -0.3415620526603617 -0.2725747967984157 0.2987312564764753 0.9145833021405371 0 0 0 0 0 0
0.14300537109375 -0.06888050585985184 -1.7010351419448853 -0.9116271577060108 -0.41018660906530346 0.02613180201149173 -0.11830816390644712 0.3227608882359421 0.9390572865263498 0 0 0 0 0 0
-0.18048095703125 0.26299387216567993 -1.3817721605300903 -0.5357476574968808 -0.8353869964045383 0.1228943193349828 -0.35466457948860775 0.3547169729487393 0.8650947376780491 0 0 0 0 0 0
-0.48577880859375 0.5072252750396729 -1.041601300239563 -0.1358043918421603 -0.9615137692835408 0.2388481497406641 -0.36942228932705307 0.27283973171047515 0.8883049324125782 0 0 0 0 0 0
-0.92120361328125 0.48877525329589844 -0.6817715764045715 0.3907858549983648 -0.8809805024035631 0.2667578863275884 -0.33038334426679183 0.13624856381357053 0.9339610134742403 0 0 0 0 0 0
-1.21343994140625 0.32233726978302 -0.22444850206375122 0.8884979998529311 -0.4147512189439786 0.19634849284327216 -0.19767689779235686 0.0402083980020141 0.9794422539431825 0 0 0 0 0 0
-1.2708740234375 0.023641936480998993 0.189954936504364 0.9574728192270827 0.2053735686587334 0.20265117255451298 -0.2057788484551802 -0.006244455630007142 0.9785785979175841 0 0 0 0 0 0
-1.1900634765625 -0.20411109924316406 0.6258627772331238 0.6808640693175695 0.7316758874975156 -0.03277979205307529 0.21646680664316323 -0.1582739559855757 0.9633750445586534 0 0 0 0 0 0
-0.84942626953125 -0.3189522922039032 0.9797107577323914 0.29968498641949626 0.9538944040866855 -0.016564261735850388 0.5438756786339657 -0.15655322547351666 0.8244333410193221 0 0 0 0 0 0
-0.33648681640625 -0.29820945858955383 1.2622181177139282 -0.3746144327285791 0.9150375919214748 0.14956681504262026 0.4676117093454144 0.047162236010279524 0.8826749190826543 0 0 0 0 0 0
0.12762451171875 -0.08332217484712601 1.4605237245559692 -0.7840771541501943 0.512828775307922 0.34961359177799306 0.5020512457188884 0.19285455559321873 0.8430608916674137 0 0 0 0 0 0
0.4744873046875 0.2273234724998474 1.7872058153152466 -0.9078307215062322 0.18214314171341783 0.377713194125172 0.41392336254822737 0.24496861643036139 0.8767313310820843 0 0 0 0 0 0
0.595703125 0.5829665660858154 2.144963026046753 -0.7868126873951964 -0.5012853223199535 0.36005391343593174 0.34612594443331374 0.12461729007260605 0.9298749171824706 0 0 0 0 0 0
0.484619140625 0.8148765563964844 2.575474500656128 -0.3558429704010178 -0.8958416161213807 0.2661645717243623 0.2828383953187677 0.16821464965351646 0.9443020034795273 0 0 0 0 0 0
0.38299560546875 0.9212765693664551 3.068040609359741 0.15121293960192778 -0.9873415918380359 0.047866772647387486 0.23788230731484494 0.08334714443083084 0.9677113523059405 0 0 0 0 0 0
0.25567626953125 0.8273022174835205 3.6283118724823 0.6906557326303564 -0.6931697148238363 -0.206180516625279 0.384768580232308 0.11081234211093154 0.9163371456521361 0 0 0 0 0 0
0.183349609375 0.8360778093338013 4.103379726409912 0.8637837641599265 -0.37992625420243137 -0.3309586834355886 0.24649836972259356 -0.254238067738521 0.9352013465755312 0 0 0 0 0 0
0.32220458984375 0.5228966474533081 4.4676947593688965 0.8981713578270841 0.27053369591846604 -0.34655408142416555 0.40638593823569313 -0.21011585349111786 0.8892141459266124 0 0 0 0 0 0
0.63623046875 0.25498849153518677 4.784728527069092 0.5021505655123681 0.8390542178355355 -0.20936291239855914 0.3561541113719699 0.01995912127738977 0.9342140452972633 0 0 0 0 0 0
