t = 284000
b = 16 16 16
E = -1.4505078308401 -1.4505078308401 0
-35.6383930653029 60.5802366334356 26.4458516231384 0.061818870442662 -0.936506995840856 -0.345156593444703 -0.99803162384267 -0.0543460913461583 -0.0312950501739479 0 0 0 0 0 0
-35.9882895821424 60.5715744314868 26.1108948555768 -0.122046429968242 -0.769005005788933 0.627483840432227 -0.974762340563046 -0.0262005427593738 -0.22170230260229 0 0 0 0 0 0
-36.3164913354298 60.3127968072128 25.888670194772 -0.281104717445352 -0.159910106925583 0.94626047974805 -0.893171217338533 -0.317076141312037 -0.318916755797922 0 0 0 0 0 0
-36.9349234911333 60.1113947930175 25.8112636049853 0.0376795246024728 0.0674668497630071 0.997009768060868 -0.969661347848412 -0.238682434001055 0.0527974070209155 0 0 0 0 0 0
-37.2681493491869 59.7759537050491 25.9772011626632 -0.0818321555606616 0.725034447898304 0.683833713469218 -0.951632651009992 -0.26071773504163 0.162547101378257 0 0 0 0 0 0
-37.6249569385694 59.5408751889378 26.2917775430576 -0.111325530742512 0.977657430991418 0.178304721844792 -0.975418750214857 -0.14182892184546 0.168649988607845 0 0 0 0 0 0
-38.0108785826691 59.4940721827277 26.6588487026388 -0.0964802040558032 0.899280240476718 -0.426598897459292 -0.995017044509874 -0.0979724308097867 0.0185063215156344 0 0 0 0 0 0
-38.4947583010222 59.6369365241369 26.8684031325551 -0.000137913717236111 0.594443237533935 -0.804137561820105 -0.999709635498526 -0.0194585982161922 -0.0142129394175345 0 0 0 0 0 0
-38.9343868630206 59.9449403123229 26.9236920721151 0.0758057178105962 0.0261525319352104 -0.996779583569306 -0.994853947987553 0.0693788705820217 -0.073838976769395 0 0 0 0 0 0
-39.3446889690319 60.2597945087804 26.753461567793 0.131544816212083 -0.641981697345441 -0.755351217382491 -0.99057657058205 -0.0558166627649214 -0.125070212167795 0 0 0 0 0 0
-39.7907875010406 60.4173151203114 26.5116096332479 0.215366171586636 -0.92109587242722 -0.3243451956383 -0.956876161535784 -0.13274428433007 -0.258393046466486 0 0 0 0 0 0
-40.227650212128 60.4087456013368 26.1757595239058 0.10591277033411 -0.973806249044064 0.201206049618017 -0.888332015120669 -0.18358362219246 -0.420907691274848 0 0 0 0 0 0
-40.4290720742743 60.2000991607887 25.7123961087932 -0.197137605588731 -0.696360329968471 0.690086266570305 -0.845066244405382 -0.236133726024563 -0.479691469593047 0 0 0 0 0 0
-40.8204632436766 59.8308967668305 25.4535459276779 -0.201677626836833 -0.155504317226256 0.967028718372652 -0.978536640710973 0.0746637868338485 -0.192071241266663 0 0 0 0 0 0
-41.2370998648767 59.5297169385596 25.405206903429 -0.099651002447425 0.362718085343412 0.926555593731988 -0.979149181144906 0.129918694295164 -0.156166622349031 0 0 0 0 0 0
-41.6863118688377 59.3713446218711 25.5537359427622 -0.0790331276935584 0.863363312136194 0.498354849463898 -0.982356727203059 -0.152452024171332 0.108321931504894 0 0 0 0 0 0
-42.1495449336309 59.2042500690544 25.8438221804974 0.123010340969414 0.988245700777677 0.0907683364891507 -0.972297828650755 0.101694556813551 0.210464128809386 0 0 0 0 0 0
-42.5314229373909 59.3305053929999 26.2509782173971 0.0298920901592703 0.843710245800019 -0.535965935557458 -0.983485013546006 0.12058357930236 0.134969731914368 0 0 0 0 0 0
-42.8626967855368 59.5988729479775 26.5080410041862 -0.0882810237007078 0.392725818720234 -0.915408593014551 -0.958487851086597 0.216645452033692 0.185380116065686 0 0 0 0 0 0
-43.2436700150527 59.9184617028148 26.59699720355 -0.0994843440211323 0.0346191355121327 -0.994436715307255 -0.939932020923955 0.324703299703534 0.105335479319447 0 0 0 0 0 0
-43.6788402313847 60.2964083723978 26.4478500599616 -0.161209820712775 -0.663145983187704 -0.730923250887372 -0.968966192422863 0.246975979673556 -0.0103625964804787 0 0 0 0 0 0
-44.1193691057382 60.5383855994782 26.1927069063005 -0.0416728280607242 -0.975006216297176 -0.218234400549688 -0.999130733204734 0.0409013499817187 0.00805341762558623 0 0 0 0 0 0
-44.5373506864744 60.5497447698551 25.8252598484036 -0.0052597247576954 -0.939202301510133 0.3433240045985 -0.981297230260221 -0.0612188852146403 -0.182504777955758 0 0 0 0 0 0
-44.96505442259 60.3030700962052 25.5686632404776 -0.0996840094601216 -0.553810864730284 0.826653872164559 -0.987922489026362 -0.0439605780533951 -0.148582042162512 0 0 0 0 0 0
-45.3625835638108 59.9642336159454 25.4256703094484 -0.0952808304781693 0.00438831643613429 0.995440759674953 -0.984175462611697 -0.150496165957662 -0.0935390978420794 0 0 0 0 0 0
-45.7304448849191 59.6660724706505 25.5668389099691 -0.261334532222127 0.7691604715033 0.583177872818459 -0.956076360989773 -0.289357231856098 -0.0468015419526556 0 0 0 0 0 0
-45.8085541509736 60.2210892197895 26.4385178273971 -0.0591434561595575 -0.747528899433481 -0.661590958300718 0.993245251956778 0.0222111559670459 -0.113888252317564 0 0 0 0 0 0
-45.5104960576794 59.9762945098437 26.6190994438668 0.179429660960251 0.015427533967011 -0.983649829951385 0.981925562514175 -0.0640206908527369 0.178111035098804 0 0 0 0 0 0
-45.0519700298908 59.6728443514733 26.5733970211463 0.0287443232612921 0.627649063048399 -0.777965563206199 0.999402878869214 -0.0329746796148328 0.0103226068526923 0 0 0 0 0 0
-44.615215925576 59.4261995057329 26.2953830957907 0.137627926014227 0.9236937130296 -0.357559055948251 0.986565282191596 -0.15991955757242 -0.0333868099712519 0 0 0 0 0 0
-44.2318127976004 59.3841246549918 25.9476452055599 0.105693235835398 0.971120208827713 0.213902968434478 0.992103921154894 -0.0883752116693581 -0.0889923119797269 0 0 0 0 0 0
-43.855186962477 59.4859583480285 25.5898307583514 0.156915164209356 0.702849881704473 0.693815303253811 0.96175919894047 0.0509402792410174 -0.269117690247654 0 0 0 0 0 0
-43.4052865718081 59.8271708605908 25.4055920628762 0.129124198053361 0.139285198753121 0.981797624200307 0.987984247541006 0.0667333023526673 -0.139405139675512 0 0 0 0 0 0
-42.969849988311 60.085251652141 25.4047650295047 0.0935337605057645 -0.457437466038844 0.884308995945205 0.994432524588843 0.0862195343687363 -0.0605817293672174 0 0 0 0 0 0
-42.5039550825654 60.3299427726903 25.6052443351189 -0.0172006409010302 -0.85063870201664 0.525469253700009 0.995855605020276 0.0323668010244444 0.0849941418049061 0 0 0 0 0 0
-42.0784667664947 60.4056050083866 25.8633812097148 -0.0671633494029258 -0.994363213521694 0.0820419654311142 0.983223490278572 -0.0519853813696138 0.174840179273184 0 0 0 0 0 0
-41.7576175980925 60.290312061862 26.2662904995151 0.0518197245612924 -0.731851700978969 -0.679490841675278 0.929268203310971 -0.213858248817674 0.301206334142984 0 0 0 0 0 0
-41.3586336918445 60.00847170706 26.5082235660582 0.0738285132034435 -0.419948994885654 -0.904539768242779 0.893802602176536 -0.374445065263161 0.246795059599092 0 0 0 0 0 0
-41.0440948057856 59.6331690831273 26.6023768792854 0.182764266479151 0.183437269358034 -0.965892328941905 0.928402558111003 -0.355486209591903 0.108158424928155 0 0 0 0 0 0
-40.623637906494 59.3042313727946 26.4485451032321 0.178452357635249 0.837319714249157 -0.516769244619022 0.976519240956727 -0.0862947993137474 0.197391437637776 0 0 0 0 0 0
-40.0974079208826 59.2454857383694 26.3616526090638 -0.16045761664461 0.969404177485491 -0.185765696333905 0.98637209037258 0.15054653050191 -0.0663765130742488 0 0 0 0 0 0
-39.5582662967195 59.356588485515 26.0204342521291 -0.161644225513544 0.895226106077948 0.415260596920357 0.98634476940833 0.160012804812386 0.0389858712471225 0 0 0 0 0 0
-39.1643040255692 59.5262928271521 25.811583456143 -0.16545787306188 0.570945396995162 0.804142428859387 0.961319766517823 0.275425613366419 0.00224454980793873 0 0 0 0 0 0
-38.8544028366523 59.8875069726056 25.7410851469347 0.0137242049450178 -0.0731583885776698 0.997225900375306 0.958938725000006 0.283511439835757 0.00760165624182356 0 0 0 0 0 0
-38.5270908804017 60.3145878113715 25.8911352391992 0.101421049960133 -0.595227368655904 0.797131200134561 0.945386121293419 0.307160275566705 0.109076334645016 0 0 0 0 0 0
-38.2794688845329 60.6104073078793 26.2767658098418 0.359215527328669 -0.906397563641923 0.222278342512214 0.906370499378486 0.395583698136207 0.148344381846033 0 0 0 0 0 0
-37.8394388246814 60.6847643425937 26.5423618928159 0.24581602679262 -0.914388799857463 -0.321663805342047 0.961764928377911 0.188738112637547 0.198459435100123 0 0 0 0 0 0
-37.4207828457857 60.6647375415967 26.7639089771818 0.133748372817336 -0.714594572017158 -0.686633796439083 0.969853156398873 -0.0480363348724026 0.238908697110827 0 0 0 0 0 0
-36.9512985141782 60.3488119278315 26.9728450477247 0.101346972804776 -0.353767803346203 -0.929826399076151 0.988552916418616 -0.0691919626164195 0.134073128364872 0 0 0 0 0 0
-36.5609630007452 59.9348892403671 27.0003305404787 0.107442531239777 0.15270942475686 -0.982413321403588 0.942535797825772 -0.33006922439039 0.0517742882835065 0 0 0 0 0 0
-36.25017913785 59.6276805316317 26.9458184773125 0.424624462322632 0.770789635162317 -0.474949896645497 0.905367899421274 -0.362513935219565 0.221116741720593 0 0 0 0 0 0
-35.8089298364627 59.4250966623469 26.784753961176 0.329670613989797 0.933949258020782 -0.138043723921177 0.94212089883224 -0.334898316571951 -0.0158533763215135 0 0 0 0 0 0
