#t = 2000; extr. Ts: 
0 0 0 0 
1 0 0 0 
2 0 0 0 
3 0 0 0 
4 0 0 0 
5 0 0 0 
6 0 0 0 
7 0 0 0 
8 0 0 0 
9 0 0 0 
10 0 0 0 
11 0 0 0 
12 0 0 0 
13 0 0 0 
14 0 0 0 
15 0 0 0 
16 0 0 0 
17 0 0 0 
18 0 0 0 
19 0 0 0 
20 0 0 0 
21 0 0 0 
22 0 130 1.61117 
23 0 5718 112.318 
24 0 81770 1012.02 
25 0 16330 1487.38 
26 0 0 0 
0 1 0 0 
1 1 0 0 
2 1 0 0 
3 1 0 0 
4 1 0 0 
5 1 0 0 
6 1 0 0 
7 1 0 0 
8 1 0 0 
9 1 0 0 
10 1 0 0 
11 1 0 0 
12 1 0 0 
13 1 0 0 
14 1 0 0 
15 1 0 0 
16 1 0 0 
17 1 0 0 
18 1 0 0 
19 1 0 0 
20 1 0 0 
21 1 0 0 
22 1 0 0 
23 1 0 0 
24 1 0 0 
25 1 0 0 
26 1 0 0 
#t = 4000; extr. Ts: 
0 0 0 0 
1 0 0 0 
2 0 0 0 
3 0 0 0 
4 0 0 0 
5 0 0 0 
6 0 0 0 
7 0 0 0 
8 0 0 0 
9 0 0 0 
10 0 0 0 
11 0 0 0 
12 0 0 0 
13 0 0 0 
14 0 0 0 
15 0 0 0 
16 0 0 0 
17 0 0 0 
18 0 0 0 
19 0 0 0 
20 0 0 0 
21 0 0 0 
22 0 130 1.61117 
23 0 7528 147.872 
24 0 169440 2097.06 
25 0 26239 2389.91 
26 0 4611 1256.31 
0 1 0 0 
1 1 0 0 
2 1 0 0 
3 1 0 0 
4 1 0 0 
5 1 0 0 
6 1 0 0 
7 1 0 0 
8 1 0 0 
9 1 0 0 
10 1 0 0 
11 1 0 0 
12 1 0 0 
13 1 0 0 
14 1 0 0 
15 1 0 0 
16 1 0 0 
17 1 0 0 
18 1 0 0 
19 1 0 0 
20 1 0 0 
21 1 0 0 
22 1 0 0 
23 1 0 0 
24 1 0 0 
25 1 0 0 
26 1 0 0 
#t = 6000; extr. Ts: 
0 0 0 0 
1 0 0 0 
2 0 0 0 
3 0 0 0 
4 0 0 0 
5 0 0 0 
6 0 0 0 
7 0 0 0 
8 0 0 0 
9 0 0 0 
10 0 0 0 
11 0 0 0 
12 0 0 0 
13 0 0 0 
14 0 0 0 
15 0 0 0 
16 0 0 0 
17 0 0 0 
18 0 0 0 
19 0 0 0 
20 0 0 0 
21 0 0 0 
22 0 130 1.61117 
23 0 8167 160.423 
24 0 185242 2292.63 
25 0 80588 7340.16 
26 0 37821 10304.6 
0 1 0 0 
1 1 0 0 
2 1 0 0 
3 1 0 0 
4 1 0 0 
5 1 0 0 
6 1 0 0 
7 1 0 0 
8 1 0 0 
9 1 0 0 
10 1 0 0 
11 1 0 0 
12 1 0 0 
13 1 0 0 
14 1 0 0 
15 1 0 0 
16 1 0 0 
17 1 0 0 
18 1 0 0 
19 1 0 0 
20 1 0 0 
21 1 0 0 
22 1 0 0 
23 1 0 0 
24 1 0 0 
25 1 0 0 
26 1 0 0 
#t = 8000; extr. Ts: 
0 0 0 0 
1 0 0 0 
2 0 0 0 
3 0 0 0 
4 0 0 0 
5 0 0 0 
6 0 0 0 
7 0 0 0 
8 0 0 0 
9 0 0 0 
10 0 0 0 
11 0 0 0 
12 0 0 0 
13 0 0 0 
14 0 0 0 
15 0 0 0 
16 0 0 0 
17 0 0 0 
18 0 0 0 
19 0 0 0 
20 0 0 0 
21 0 0 0 
22 0 130 1.61117 
23 0 8289 162.82 
24 0 209886 2597.64 
25 0 118910 10830.6 
26 0 78733 21451.5 
0 1 0 0 
1 1 0 0 
2 1 0 0 
3 1 0 0 
4 1 0 0 
5 1 0 0 
6 1 0 0 
7 1 0 0 
8 1 0 0 
9 1 0 0 
10 1 0 0 
11 1 0 0 
12 1 0 0 
13 1 0 0 
14 1 0 0 
15 1 0 0 
16 1 0 0 
17 1 0 0 
18 1 0 0 
19 1 0 0 
20 1 0 0 
21 1 0 0 
22 1 0 0 
23 1 0 0 
24 1 0 0 
25 1 0 0 
26 1 0 0 
#t = 10000; extr. Ts: 
0 0 0 0 
1 0 0 0 
2 0 0 0 
3 0 0 0 
4 0 0 0 
5 0 0 0 
6 0 0 0 
7 0 0 0 
8 0 0 0 
9 0 0 0 
10 0 0 0 
11 0 0 0 
12 0 0 0 
13 0 0 0 
14 0 0 0 
15 0 0 0 
16 0 0 0 
17 0 0 0 
18 0 0 0 
19 0 0 0 
20 0 0 0 
21 0 0 0 
22 0 130 1.61117 
23 0 8289 162.82 
24 0 222269 2750.89 
25 0 167998 15301.7 
26 0 121262 33038.8 
0 1 0 0 
1 1 0 0 
2 1 0 0 
3 1 0 0 
4 1 0 0 
5 1 0 0 
6 1 0 0 
7 1 0 0 
8 1 0 0 
9 1 0 0 
10 1 0 0 
11 1 0 0 
12 1 0 0 
13 1 0 0 
14 1 0 0 
15 1 0 0 
16 1 0 0 
17 1 0 0 
18 1 0 0 
19 1 0 0 
20 1 0 0 
21 1 0 0 
22 1 0 0 
23 1 0 0 
24 1 0 0 
25 1 0 0 
26 1 0 0 
#t = 12000; extr. Ts: 
0 0 0 0 
1 0 0 0 
2 0 0 0 
3 0 0 0 
4 0 0 0 
5 0 0 0 
6 0 0 0 
7 0 0 0 
8 0 0 0 
9 0 0 0 
10 0 0 0 
11 0 0 0 
12 0 0 0 
13 0 0 0 
14 0 0 0 
15 0 0 0 
16 0 0 0 
17 0 0 0 
18 0 0 0 
19 0 0 0 
20 0 0 0 
21 0 0 0 
22 0 130 1.61117 
23 0 8348 163.979 
24 0 263735 3264.09 
25 0 230473 20992.1 
26 0 121262 33038.8 
0 1 0 0 
1 1 0 0 
2 1 0 0 
3 1 0 0 
4 1 0 0 
5 1 0 0 
6 1 0 0 
7 1 0 0 
8 1 0 0 
9 1 0 0 
10 1 0 0 
11 1 0 0 
12 1 0 0 
13 1 0 0 
14 1 0 0 
15 1 0 0 
16 1 0 0 
17 1 0 0 
18 1 0 0 
19 1 0 0 
20 1 0 0 
21 1 0 0 
22 1 0 0 
23 1 0 0 
24 1 0 0 
25 1 0 0 
26 1 0 0 
#t = 14000; extr. Ts: 
0 0 0 0 
1 0 0 0 
2 0 0 0 
3 0 0 0 
4 0 0 0 
5 0 0 0 
6 0 0 0 
7 0 0 0 
8 0 0 0 
9 0 0 0 
10 0 0 0 
11 0 0 0 
12 0 0 0 
13 0 0 0 
14 0 0 0 
15 0 0 0 
16 0 0 0 
17 0 0 0 
18 0 0 0 
19 0 0 0 
20 0 0 0 
21 0 0 0 
22 0 130 1.61117 
23 0 18900 371.25 
24 0 347925 4306.06 
25 0 239731 21835.3 
26 0 121262 33038.8 
0 1 0 0 
1 1 0 0 
2 1 0 0 
3 1 0 0 
4 1 0 0 
5 1 0 0 
6 1 0 0 
7 1 0 0 
8 1 0 0 
9 1 0 0 
10 1 0 0 
11 1 0 0 
12 1 0 0 
13 1 0 0 
14 1 0 0 
15 1 0 0 
16 1 0 0 
17 1 0 0 
18 1 0 0 
19 1 0 0 
20 1 0 0 
21 1 0 0 
22 1 0 0 
23 1 0 0 
24 1 0 0 
25 1 0 0 
26 1 0 0 
#t = 16000; extr. Ts: 
0 0 0 0 
1 0 0 0 
2 0 0 0 
3 0 0 0 
4 0 0 0 
5 0 0 0 
6 0 0 0 
7 0 0 0 
8 0 0 0 
9 0 0 0 
10 0 0 0 
11 0 0 0 
12 0 0 0 
13 0 0 0 
14 0 0 0 
15 0 0 0 
16 0 0 0 
17 0 0 0 
18 0 0 0 
19 0 0 0 
20 0 0 0 
21 0 0 0 
22 0 2409 29.8561 
23 0 31769 624.035 
24 0 419246 5188.76 
25 0 257262 23432.1 
26 0 121262 33038.8 
0 1 0 0 
1 1 0 0 
2 1 0 0 
3 1 0 0 
4 1 0 0 
5 1 0 0 
6 1 0 0 
7 1 0 0 
8 1 0 0 
9 1 0 0 
10 1 0 0 
11 1 0 0 
12 1 0 0 
13 1 0 0 
14 1 0 0 
15 1 0 0 
16 1 0 0 
17 1 0 0 
18 1 0 0 
19 1 0 0 
20 1 0 0 
21 1 0 0 
22 1 0 0 
23 1 0 0 
24 1 0 0 
25 1 0 0 
26 1 0 0 
#t = 18000; extr. Ts: 
0 0 0 0 
1 0 0 0 
2 0 0 0 
3 0 0 0 
4 0 0 0 
5 0 0 0 
6 0 0 0 
7 0 0 0 
8 0 0 0 
9 0 0 0 
10 0 0 0 
11 0 0 0 
12 0 0 0 
13 0 0 0 
14 0 0 0 
15 0 0 0 
16 0 0 0 
17 0 0 0 
18 0 0 0 
19 0 0 0 
20 0 0 0 
21 0 0 0 
22 0 2409 29.8561 
23 0 31805 624.742 
24 0 438651 5428.93 
25 0 341821 31133.9 
26 0 121262 33038.8 
0 1 0 0 
1 1 0 0 
2 1 0 0 
3 1 0 0 
4 1 0 0 
5 1 0 0 
6 1 0 0 
7 1 0 0 
8 1 0 0 
9 1 0 0 
10 1 0 0 
11 1 0 0 
12 1 0 0 
13 1 0 0 
14 1 0 0 
15 1 0 0 
16 1 0 0 
17 1 0 0 
18 1 0 0 
19 1 0 0 
20 1 0 0 
21 1 0 0 
22 1 0 0 
23 1 0 0 
24 1 0 0 
25 1 0 0 
26 1 0 0 
#t = 20000; extr. Ts: 
0 0 0 0 
1 0 0 0 
2 0 0 0 
3 0 0 0 
4 0 0 0 
5 0 0 0 
6 0 0 0 
7 0 0 0 
8 0 0 0 
9 0 0 0 
10 0 0 0 
11 0 0 0 
12 0 0 0 
13 0 0 0 
14 0 0 0 
15 0 0 0 
16 0 0 0 
17 0 0 0 
18 0 0 0 
19 0 0 0 
20 0 0 0 
21 0 123 2.64945 
22 0 3000 37.1807 
23 0 37969 745.821 
24 0 483959 5989.68 
25 0 381784 34773.9 
26 0 133113 36267.7 
0 1 0 0 
1 1 0 0 
2 1 0 0 
3 1 0 0 
4 1 0 0 
5 1 0 0 
6 1 0 0 
7 1 0 0 
8 1 0 0 
9 1 0 0 
10 1 0 0 
11 1 0 0 
12 1 0 0 
13 1 0 0 
14 1 0 0 
15 1 0 0 
16 1 0 0 
17 1 0 0 
18 1 0 0 
19 1 0 0 
20 1 0 0 
21 1 0 0 
22 1 0 0 
23 1 0 0 
24 1 0 0 
25 1 0 0 
26 1 0 0 
#t = 22000; extr. Ts: 
0 0 0 0 
1 0 0 0 
2 0 0 0 
3 0 0 0 
4 0 0 0 
5 0 0 0 
6 0 0 0 
7 0 0 0 
8 0 0 0 
9 0 0 0 
10 0 0 0 
11 0 0 0 
12 0 0 0 
13 0 0 0 
14 0 0 0 
15 0 0 0 
16 0 0 0 
17 0 0 0 
18 0 0 0 
19 0 0 0 
20 0 0 0 
21 0 123 2.64945 
22 0 6176 76.5427 
23 0 44258 869.355 
24 0 543384 6725.15 
25 0 412281 37551.6 
26 0 137726 37524.6 
0 1 0 0 
1 1 0 0 
2 1 0 0 
3 1 0 0 
4 1 0 0 
5 1 0 0 
6 1 0 0 
7 1 0 0 
8 1 0 0 
9 1 0 0 
10 1 0 0 
11 1 0 0 
12 1 0 0 
13 1 0 0 
14 1 0 0 
15 1 0 0 
16 1 0 0 
17 1 0 0 
18 1 0 0 
19 1 0 0 
20 1 0 0 
21 1 0 0 
22 1 0 0 
23 1 0 0 
24 1 0 0 
25 1 0 0 
26 1 0 0 
#t = 24000; extr. Ts: 
0 0 0 0 
1 0 0 0 
2 0 0 0 
3 0 0 0 
4 0 0 0 
5 0 0 0 
6 0 0 0 
7 0 0 0 
8 0 0 0 
9 0 0 0 
10 0 0 0 
11 0 0 0 
12 0 0 0 
13 0 0 0 
14 0 0 0 
15 0 0 0 
16 0 0 0 
17 0 0 0 
18 0 0 0 
19 0 0 0 
20 0 0 0 
21 0 457 9.8439 
22 0 8933 110.712 
23 0 59292 1164.67 
24 0 620143 7675.15 
25 0 421397 38381.9 
26 0 137726 37524.6 
0 1 0 0 
1 1 0 0 
2 1 0 0 
3 1 0 0 
4 1 0 0 
5 1 0 0 
6 1 0 0 
7 1 0 0 
8 1 0 0 
9 1 0 0 
10 1 0 0 
11 1 0 0 
12 1 0 0 
13 1 0 0 
14 1 0 0 
15 1 0 0 
16 1 0 0 
17 1 0 0 
18 1 0 0 
19 1 0 0 
20 1 0 0 
21 1 0 0 
22 1 0 0 
23 1 0 0 
24 1 0 0 
25 1 0 0 
26 1 0 0 
#t = 26000; extr. Ts: 
0 0 0 0 
1 0 0 0 
2 0 0 0 
3 0 0 0 
4 0 0 0 
5 0 0 0 
6 0 0 0 
7 0 0 0 
8 0 0 0 
9 0 0 0 
10 0 0 0 
11 0 0 0 
12 0 0 0 
13 0 0 0 
14 0 0 0 
15 0 0 0 
16 0 0 0 
17 0 0 0 
18 0 0 0 
19 0 0 0 
20 0 0 0 
21 0 457 9.8439 
22 0 12194 151.127 
23 0 79519 1561.98 
24 0 699646 8659.11 
25 0 422406 38473.8 
26 0 137726 37524.6 
0 1 0 0 
1 1 0 0 
2 1 0 0 
3 1 0 0 
4 1 0 0 
5 1 0 0 
6 1 0 0 
7 1 0 0 
8 1 0 0 
9 1 0 0 
10 1 0 0 
11 1 0 0 
12 1 0 0 
13 1 0 0 
14 1 0 0 
15 1 0 0 
16 1 0 0 
17 1 0 0 
18 1 0 0 
19 1 0 0 
20 1 0 0 
21 1 0 0 
22 1 0 0 
23 1 0 0 
24 1 0 0 
25 1 0 0 
26 1 0 0 
#t = 28000; extr. Ts: 
0 0 0 0 
1 0 0 0 
2 0 0 0 
3 0 0 0 
4 0 0 0 
5 0 0 0 
6 0 0 0 
7 0 0 0 
8 0 0 0 
9 0 0 0 
10 0 0 0 
11 0 0 0 
12 0 0 0 
13 0 0 0 
14 0 0 0 
15 0 0 0 
16 0 0 0 
17 0 0 0 
18 0 0 0 
19 0 0 0 
20 0 0 0 
21 0 457 9.8439 
22 0 12194 151.127 
23 0 80799 1587.13 
24 0 792443 9807.61 
25 0 432329 39377.6 
26 0 137726 37524.6 
0 1 0 0 
1 1 0 0 
2 1 0 0 
3 1 0 0 
4 1 0 0 
5 1 0 0 
6 1 0 0 
7 1 0 0 
8 1 0 0 
9 1 0 0 
10 1 0 0 
11 1 0 0 
12 1 0 0 
13 1 0 0 
14 1 0 0 
15 1 0 0 
16 1 0 0 
17 1 0 0 
18 1 0 0 
19 1 0 0 
20 1 0 0 
21 1 0 0 
22 1 0 0 
23 1 0 0 
24 1 0 0 
25 1 0 0 
26 1 0 0 
#t = 30000; extr. Ts: 
0 0 0 0 
1 0 0 0 
2 0 0 0 
3 0 0 0 
4 0 0 0 
5 0 0 0 
6 0 0 0 
7 0 0 0 
8 0 0 0 
9 0 0 0 
10 0 0 0 
11 0 0 0 
12 0 0 0 
13 0 0 0 
14 0 0 0 
15 0 0 0 
16 0 0 0 
17 0 0 0 
18 0 0 0 
19 0 0 0 
20 0 0 0 
21 0 457 9.8439 
22 0 12194 151.127 
23 0 85067 1670.96 
24 0 854712 10578.3 
25 0 469481 42761.5 
26 0 138037 37609.3 
0 1 0 0 
1 1 0 0 
2 1 0 0 
3 1 0 0 
4 1 0 0 
5 1 0 0 
6 1 0 0 
7 1 0 0 
8 1 0 0 
9 1 0 0 
10 1 0 0 
11 1 0 0 
12 1 0 0 
13 1 0 0 
14 1 0 0 
15 1 0 0 
16 1 0 0 
17 1 0 0 
18 1 0 0 
19 1 0 0 
20 1 0 0 
21 1 0 0 
22 1 0 0 
23 1 0 0 
24 1 0 0 
25 1 0 0 
26 1 0 0 
#t = 32000; extr. Ts: 
0 0 0 0 
1 0 0 0 
2 0 0 0 
3 0 0 0 
4 0 0 0 
5 0 0 0 
6 0 0 0 
7 0 0 0 
8 0 0 0 
9 0 0 0 
10 0 0 0 
11 0 0 0 
12 0 0 0 
13 0 0 0 
14 0 0 0 
15 0 0 0 
16 0 0 0 
17 0 0 0 
18 0 0 0 
19 0 0 0 
20 0 0 0 
21 0 457 9.8439 
22 0 12976 160.819 
23 0 89428 1756.62 
24 0 907030 11225.8 
25 0 505276 46021.8 
26 0 148781 40536.6 
0 1 0 0 
1 1 0 0 
2 1 0 0 
3 1 0 0 
4 1 0 0 
5 1 0 0 
6 1 0 0 
7 1 0 0 
8 1 0 0 
9 1 0 0 
10 1 0 0 
11 1 0 0 
12 1 0 0 
13 1 0 0 
14 1 0 0 
15 1 0 0 
16 1 0 0 
17 1 0 0 
18 1 0 0 
19 1 0 0 
20 1 0 0 
21 1 0 0 
22 1 0 0 
23 1 0 0 
24 1 0 0 
25 1 0 0 
26 1 0 0 
#t = 34000; extr. Ts: 
0 0 0 0 
1 0 0 0 
2 0 0 0 
3 0 0 0 
4 0 0 0 
5 0 0 0 
6 0 0 0 
7 0 0 0 
8 0 0 0 
9 0 0 0 
10 0 0 0 
11 0 0 0 
12 0 0 0 
13 0 0 0 
14 0 0 0 
15 0 0 0 
16 0 0 0 
17 0 0 0 
18 0 0 0 
19 0 0 0 
20 0 0 0 
21 0 457 9.8439 
22 0 12976 160.819 
23 0 90198 1771.75 
24 0 925004 11448.2 
25 0 542465 49409.1 
26 0 196848 53632.9 
0 1 0 0 
1 1 0 0 
2 1 0 0 
3 1 0 0 
4 1 0 0 
5 1 0 0 
6 1 0 0 
7 1 0 0 
8 1 0 0 
9 1 0 0 
10 1 0 0 
11 1 0 0 
12 1 0 0 
13 1 0 0 
14 1 0 0 
15 1 0 0 
16 1 0 0 
17 1 0 0 
18 1 0 0 
19 1 0 0 
20 1 0 0 
21 1 0 0 
22 1 0 0 
23 1 0 0 
24 1 0 0 
25 1 0 0 
26 1 0 0 
#t = 36000; extr. Ts: 
0 0 0 0 
1 0 0 0 
2 0 0 0 
3 0 0 0 
4 0 0 0 
5 0 0 0 
6 0 0 0 
7 0 0 0 
8 0 0 0 
9 0 0 0 
10 0 0 0 
11 0 0 0 
12 0 0 0 
13 0 0 0 
14 0 0 0 
15 0 0 0 
16 0 0 0 
17 0 0 0 
18 0 0 0 
19 0 0 0 
20 0 0 0 
21 0 457 9.8439 
22 0 12976 160.819 
23 0 90198 1771.75 
24 0 934239 11562.5 
25 0 570187 51934.1 
26 0 263891 71899.3 
0 1 0 0 
1 1 0 0 
2 1 0 0 
3 1 0 0 
4 1 0 0 
5 1 0 0 
6 1 0 0 
7 1 0 0 
8 1 0 0 
9 1 0 0 
10 1 0 0 
11 1 0 0 
12 1 0 0 
13 1 0 0 
14 1 0 0 
15 1 0 0 
16 1 0 0 
17 1 0 0 
18 1 0 0 
19 1 0 0 
20 1 0 0 
21 1 0 0 
22 1 0 0 
23 1 0 0 
24 1 0 0 
25 1 0 0 
26 1 0 0 
#t = 38000; extr. Ts: 
0 0 0 0 
1 0 0 0 
2 0 0 0 
3 0 0 0 
4 0 0 0 
5 0 0 0 
6 0 0 0 
7 0 0 0 
8 0 0 0 
9 0 0 0 
10 0 0 0 
11 0 0 0 
12 0 0 0 
13 0 0 0 
14 0 0 0 
15 0 0 0 
16 0 0 0 
17 0 0 0 
18 0 0 0 
19 0 0 0 
20 0 0 0 
21 0 457 9.8439 
22 0 12976 160.819 
23 0 91485 1797.03 
24 0 1.03674e+06 12831.1 
25 0 570400 51953.5 
26 0 263891 71899.3 
0 1 0 0 
1 1 0 0 
2 1 0 0 
3 1 0 0 
4 1 0 0 
5 1 0 0 
6 1 0 0 
7 1 0 0 
8 1 0 0 
9 1 0 0 
10 1 0 0 
11 1 0 0 
12 1 0 0 
13 1 0 0 
14 1 0 0 
15 1 0 0 
16 1 0 0 
17 1 0 0 
18 1 0 0 
19 1 0 0 
20 1 0 0 
21 1 0 0 
22 1 0 0 
23 1 0 0 
24 1 0 0 
25 1 0 0 
26 1 0 0 
#t = 40000; extr. Ts: 
0 0 0 0 
1 0 0 0 
2 0 0 0 
3 0 0 0 
4 0 0 0 
5 0 0 0 
6 0 0 0 
7 0 0 0 
8 0 0 0 
9 0 0 0 
10 0 0 0 
11 0 0 0 
12 0 0 0 
13 0 0 0 
14 0 0 0 
15 0 0 0 
16 0 0 0 
17 0 0 0 
18 0 0 0 
19 0 0 0 
20 0 0 0 
21 0 457 9.8439 
22 0 12976 160.819 
23 0 105851 2079.22 
24 0 1.09442e+06 13545 
25 0 602354 54863.9 
26 0 263891 71899.3 
0 1 0 0 
1 1 0 0 
2 1 0 0 
3 1 0 0 
4 1 0 0 
5 1 0 0 
6 1 0 0 
7 1 0 0 
8 1 0 0 
9 1 0 0 
10 1 0 0 
11 1 0 0 
12 1 0 0 
13 1 0 0 
14 1 0 0 
15 1 0 0 
16 1 0 0 
17 1 0 0 
18 1 0 0 
19 1 0 0 
20 1 0 0 
21 1 0 0 
22 1 0 0 
23 1 0 0 
24 1 0 0 
25 1 0 0 
26 1 0 0 
#t = 42000; extr. Ts: 
0 0 0 0 
1 0 0 0 
2 0 0 0 
3 0 0 0 
4 0 0 0 
5 0 0 0 
6 0 0 0 
7 0 0 0 
8 0 0 0 
9 0 0 0 
10 0 0 0 
11 0 0 0 
12 0 0 0 
13 0 0 0 
14 0 0 0 
15 0 0 0 
16 0 0 0 
17 0 0 0 
18 0 0 0 
19 0 0 0 
20 0 0 0 
21 0 457 9.8439 
22 0 12976 160.819 
23 0 111245 2185.17 
24 0 1.19224e+06 14755.6 
25 0 603143 54935.8 
26 0 263891 71899.3 
0 1 0 0 
1 1 0 0 
2 1 0 0 
3 1 0 0 
4 1 0 0 
5 1 0 0 
6 1 0 0 
7 1 0 0 
8 1 0 0 
9 1 0 0 
10 1 0 0 
11 1 0 0 
12 1 0 0 
13 1 0 0 
14 1 0 0 
15 1 0 0 
16 1 0 0 
17 1 0 0 
18 1 0 0 
19 1 0 0 
20 1 0 0 
21 1 0 0 
22 1 0 0 
23 1 0 0 
24 1 0 0 
25 1 0 0 
26 1 0 0 
#t = 44000; extr. Ts: 
0 0 0 0 
1 0 0 0 
2 0 0 0 
3 0 0 0 
4 0 0 0 
5 0 0 0 
6 0 0 0 
7 0 0 0 
8 0 0 0 
9 0 0 0 
10 0 0 0 
11 0 0 0 
12 0 0 0 
13 0 0 0 
14 0 0 0 
15 0 0 0 
16 0 0 0 
17 0 0 0 
18 0 0 0 
19 0 0 0 
20 0 0 0 
21 0 457 9.8439 
22 0 12976 160.819 
23 0 111302 2186.29 
24 0 1.25264e+06 15503.2 
25 0 626624 57074.5 
26 0 283948 77364 
0 1 0 0 
1 1 0 0 
2 1 0 0 
3 1 0 0 
4 1 0 0 
5 1 0 0 
6 1 0 0 
7 1 0 0 
8 1 0 0 
9 1 0 0 
10 1 0 0 
11 1 0 0 
12 1 0 0 
13 1 0 0 
14 1 0 0 
15 1 0 0 
16 1 0 0 
17 1 0 0 
18 1 0 0 
19 1 0 0 
20 1 0 0 
21 1 0 0 
22 1 0 0 
23 1 0 0 
24 1 0 0 
25 1 0 0 
26 1 0 0 
#t = 46000; extr. Ts: 
0 0 0 0 
1 0 0 0 
2 0 0 0 
3 0 0 0 
4 0 0 0 
5 0 0 0 
6 0 0 0 
7 0 0 0 
8 0 0 0 
9 0 0 0 
10 0 0 0 
11 0 0 0 
12 0 0 0 
13 0 0 0 
14 0 0 0 
15 0 0 0 
16 0 0 0 
17 0 0 0 
18 0 0 0 
19 0 0 0 
20 0 0 0 
21 0 457 9.8439 
22 0 12976 160.819 
23 0 111302 2186.29 
24 0 1.26992e+06 15717.1 
25 0 688146 62678.1 
26 0 309144 84228.8 
0 1 0 0 
1 1 0 0 
2 1 0 0 
3 1 0 0 
4 1 0 0 
5 1 0 0 
6 1 0 0 
7 1 0 0 
8 1 0 0 
9 1 0 0 
10 1 0 0 
11 1 0 0 
12 1 0 0 
13 1 0 0 
14 1 0 0 
15 1 0 0 
16 1 0 0 
17 1 0 0 
18 1 0 0 
19 1 0 0 
20 1 0 0 
21 1 0 0 
22 1 0 0 
23 1 0 0 
24 1 0 0 
25 1 0 0 
26 1 0 0 
#t = 48000; extr. Ts: 
0 0 0 0 
1 0 0 0 
2 0 0 0 
3 0 0 0 
4 0 0 0 
5 0 0 0 
6 0 0 0 
7 0 0 0 
8 0 0 0 
9 0 0 0 
10 0 0 0 
11 0 0 0 
12 0 0 0 
13 0 0 0 
14 0 0 0 
15 0 0 0 
16 0 0 0 
17 0 0 0 
18 0 0 0 
19 0 0 0 
20 0 0 0 
21 0 457 9.8439 
22 0 12976 160.819 
23 0 112307 2206.03 
24 0 1.2866e+06 15923.4 
25 0 738294 67245.7 
26 0 345318 94084.8 
0 1 0 0 
1 1 0 0 
2 1 0 0 
3 1 0 0 
4 1 0 0 
5 1 0 0 
6 1 0 0 
7 1 0 0 
8 1 0 0 
9 1 0 0 
10 1 0 0 
11 1 0 0 
12 1 0 0 
13 1 0 0 
14 1 0 0 
15 1 0 0 
16 1 0 0 
17 1 0 0 
18 1 0 0 
19 1 0 0 
20 1 0 0 
21 1 0 0 
22 1 0 0 
23 1 0 0 
24 1 0 0 
25 1 0 0 
26 1 0 0 
#t = 50000; extr. Ts: 
0 0 0 0 
1 0 0 0 
2 0 0 0 
3 0 0 0 
4 0 0 0 
5 0 0 0 
6 0 0 0 
7 0 0 0 
8 0 0 0 
9 0 0 0 
10 0 0 0 
11 0 0 0 
12 0 0 0 
13 0 0 0 
14 0 0 0 
15 0 0 0 
16 0 0 0 
17 0 0 0 
18 0 0 0 
19 0 0 0 
20 0 0 0 
21 0 457 9.8439 
22 0 12976 160.819 
23 0 112534 2210.49 
24 0 1.29586e+06 16038.1 
25 0 820916 74771.1 
26 0 357209 97324.6 
0 1 0 0 
1 1 0 0 
2 1 0 0 
3 1 0 0 
4 1 0 0 
5 1 0 0 
6 1 0 0 
7 1 0 0 
8 1 0 0 
9 1 0 0 
10 1 0 0 
11 1 0 0 
12 1 0 0 
13 1 0 0 
14 1 0 0 
15 1 0 0 
16 1 0 0 
17 1 0 0 
18 1 0 0 
19 1 0 0 
20 1 0 0 
21 1 0 0 
22 1 0 0 
23 1 0 0 
24 1 0 0 
25 1 0 0 
26 1 0 0 
#t = 52000; extr. Ts: 
0 0 0 0 
1 0 0 0 
2 0 0 0 
3 0 0 0 
4 0 0 0 
5 0 0 0 
6 0 0 0 
7 0 0 0 
8 0 0 0 
9 0 0 0 
10 0 0 0 
11 0 0 0 
12 0 0 0 
13 0 0 0 
14 0 0 0 
15 0 0 0 
16 0 0 0 
17 0 0 0 
18 0 0 0 
19 0 0 0 
20 0 0 0 
21 0 457 9.8439 
22 0 12976 160.819 
23 0 112534 2210.49 
24 0 1.30764e+06 16184 
25 0 867170 78984 
26 0 403166 109846 
0 1 0 0 
1 1 0 0 
2 1 0 0 
3 1 0 0 
4 1 0 0 
5 1 0 0 
6 1 0 0 
7 1 0 0 
8 1 0 0 
9 1 0 0 
10 1 0 0 
11 1 0 0 
12 1 0 0 
13 1 0 0 
14 1 0 0 
15 1 0 0 
16 1 0 0 
17 1 0 0 
18 1 0 0 
19 1 0 0 
20 1 0 0 
21 1 0 0 
22 1 0 0 
23 1 0 0 
24 1 0 0 
25 1 0 0 
26 1 0 0 
#t = 54000; extr. Ts: 
0 0 0 0 
1 0 0 0 
2 0 0 0 
3 0 0 0 
4 0 0 0 
5 0 0 0 
6 0 0 0 
7 0 0 0 
8 0 0 0 
9 0 0 0 
10 0 0 0 
11 0 0 0 
12 0 0 0 
13 0 0 0 
14 0 0 0 
15 0 0 0 
16 0 0 0 
17 0 0 0 
18 0 0 0 
19 0 0 0 
20 0 0 0 
21 0 457 9.8439 
22 0 12976 160.819 
23 0 112534 2210.49 
24 0 1.31681e+06 16297.3 
25 0 913666 83219 
26 0 451509 123017 
0 1 0 0 
1 1 0 0 
2 1 0 0 
3 1 0 0 
4 1 0 0 
5 1 0 0 
6 1 0 0 
7 1 0 0 
8 1 0 0 
9 1 0 0 
10 1 0 0 
11 1 0 0 
12 1 0 0 
13 1 0 0 
14 1 0 0 
15 1 0 0 
16 1 0 0 
17 1 0 0 
18 1 0 0 
19 1 0 0 
20 1 0 0 
21 1 0 0 
22 1 0 0 
23 1 0 0 
24 1 0 0 
25 1 0 0 
26 1 0 0 
#t = 56000; extr. Ts: 
0 0 0 0 
1 0 0 0 
2 0 0 0 
3 0 0 0 
4 0 0 0 
5 0 0 0 
6 0 0 0 
7 0 0 0 
8 0 0 0 
9 0 0 0 
10 0 0 0 
11 0 0 0 
12 0 0 0 
13 0 0 0 
14 0 0 0 
15 0 0 0 
16 0 0 0 
17 0 0 0 
18 0 0 0 
19 0 0 0 
20 0 0 0 
21 0 457 9.8439 
22 0 12976 160.819 
23 0 115158 2262.04 
24 0 1.41788e+06 17548.3 
25 0 913966 83246.3 
26 0 451509 123017 
0 1 0 0 
1 1 0 0 
2 1 0 0 
3 1 0 0 
4 1 0 0 
5 1 0 0 
6 1 0 0 
7 1 0 0 
8 1 0 0 
9 1 0 0 
10 1 0 0 
11 1 0 0 
12 1 0 0 
13 1 0 0 
14 1 0 0 
15 1 0 0 
16 1 0 0 
17 1 0 0 
18 1 0 0 
19 1 0 0 
20 1 0 0 
21 1 0 0 
22 1 0 0 
23 1 0 0 
24 1 0 0 
25 1 0 0 
26 1 0 0 
#t = 58000; extr. Ts: 
0 0 0 0 
1 0 0 0 
2 0 0 0 
3 0 0 0 
4 0 0 0 
5 0 0 0 
6 0 0 0 
7 0 0 0 
8 0 0 0 
9 0 0 0 
10 0 0 0 
11 0 0 0 
12 0 0 0 
13 0 0 0 
14 0 0 0 
15 0 0 0 
16 0 0 0 
17 0 0 0 
18 0 0 0 
19 0 0 0 
20 0 0 0 
21 0 457 9.8439 
22 0 12976 160.819 
23 0 116985 2297.92 
24 0 1.4961e+06 18516.4 
25 0 925942 84337.2 
26 0 463486 126281 
0 1 0 0 
1 1 0 0 
2 1 0 0 
3 1 0 0 
4 1 0 0 
5 1 0 0 
6 1 0 0 
7 1 0 0 
8 1 0 0 
9 1 0 0 
10 1 0 0 
11 1 0 0 
12 1 0 0 
13 1 0 0 
14 1 0 0 
15 1 0 0 
16 1 0 0 
17 1 0 0 
18 1 0 0 
19 1 0 0 
20 1 0 0 
21 1 0 0 
22 1 0 0 
23 1 0 0 
24 1 0 0 
25 1 0 0 
26 1 0 0 
#t = 60000; extr. Ts: 
0 0 0 0 
1 0 0 0 
2 0 0 0 
3 0 0 0 
4 0 0 0 
5 0 0 0 
6 0 0 0 
7 0 0 0 
8 0 0 0 
9 0 0 0 
10 0 0 0 
11 0 0 0 
12 0 0 0 
13 0 0 0 
14 0 0 0 
15 0 0 0 
16 0 0 0 
17 0 0 0 
18 0 0 0 
19 0 0 0 
20 0 0 0 
21 0 457 9.8439 
22 0 14748 182.78 
23 0 120674 2370.39 
24 0 1.53425e+06 18988.5 
25 0 965111 87904.8 
26 0 484710 132063 
0 1 0 0 
1 1 0 0 
2 1 0 0 
3 1 0 0 
4 1 0 0 
5 1 0 0 
6 1 0 0 
7 1 0 0 
8 1 0 0 
9 1 0 0 
10 1 0 0 
11 1 0 0 
12 1 0 0 
13 1 0 0 
14 1 0 0 
15 1 0 0 
16 1 0 0 
17 1 0 0 
18 1 0 0 
19 1 0 0 
20 1 0 0 
21 1 0 0 
22 1 0 0 
23 1 0 0 
24 1 0 0 
25 1 0 0 
26 1 0 0 
#t = 62000; extr. Ts: 
0 0 0 0 
1 0 0 0 
2 0 0 0 
3 0 0 0 
4 0 0 0 
5 0 0 0 
6 0 0 0 
7 0 0 0 
8 0 0 0 
9 0 0 0 
10 0 0 0 
11 0 0 0 
12 0 0 0 
13 0 0 0 
14 0 0 0 
15 0 0 0 
16 0 0 0 
17 0 0 0 
18 0 0 0 
19 0 0 0 
20 0 0 0 
21 0 457 9.8439 
22 0 14748 182.78 
23 0 121028 2377.34 
24 0 1.56114e+06 19321.3 
25 0 1.0334e+06 94125.1 
26 0 493169 134368 
0 1 0 0 
1 1 0 0 
2 1 0 0 
3 1 0 0 
4 1 0 0 
5 1 0 0 
6 1 0 0 
7 1 0 0 
8 1 0 0 
9 1 0 0 
10 1 0 0 
11 1 0 0 
12 1 0 0 
13 1 0 0 
14 1 0 0 
15 1 0 0 
16 1 0 0 
17 1 0 0 
18 1 0 0 
19 1 0 0 
20 1 0 0 
21 1 0 0 
22 1 0 0 
23 1 0 0 
24 1 0 0 
25 1 0 0 
26 1 0 0 
#t = 64000; extr. Ts: 
0 0 0 0 
1 0 0 0 
2 0 0 0 
3 0 0 0 
4 0 0 0 
5 0 0 0 
6 0 0 0 
7 0 0 0 
8 0 0 0 
9 0 0 0 
10 0 0 0 
11 0 0 0 
12 0 0 0 
13 0 0 0 
14 0 0 0 
15 0 0 0 
16 0 0 0 
17 0 0 0 
18 0 0 0 
19 0 0 0 
20 0 0 0 
21 0 457 9.8439 
22 0 14748 182.78 
23 0 125782 2470.72 
24 0 1.65154e+06 20440.1 
25 0 1.04225e+06 94931.1 
26 0 493169 134368 
0 1 0 0 
1 1 0 0 
2 1 0 0 
3 1 0 0 
4 1 0 0 
5 1 0 0 
6 1 0 0 
7 1 0 0 
8 1 0 0 
9 1 0 0 
10 1 0 0 
11 1 0 0 
12 1 0 0 
13 1 0 0 
14 1 0 0 
15 1 0 0 
16 1 0 0 
17 1 0 0 
18 1 0 0 
19 1 0 0 
20 1 0 0 
21 1 0 0 
22 1 0 0 
23 1 0 0 
24 1 0 0 
25 1 0 0 
26 1 0 0 
#t = 66000; extr. Ts: 
0 0 0 0 
1 0 0 0 
2 0 0 0 
3 0 0 0 
4 0 0 0 
5 0 0 0 
6 0 0 0 
7 0 0 0 
8 0 0 0 
9 0 0 0 
10 0 0 0 
11 0 0 0 
12 0 0 0 
13 0 0 0 
14 0 0 0 
15 0 0 0 
16 0 0 0 
17 0 0 0 
18 0 0 0 
19 0 0 0 
20 0 0 0 
21 0 457 9.8439 
22 0 14748 182.78 
23 0 126094 2476.85 
24 0 1.69231e+06 20944.7 
25 0 1.0973e+06 99944.5 
26 0 501045 136514 
0 1 0 0 
1 1 0 0 
2 1 0 0 
3 1 0 0 
4 1 0 0 
5 1 0 0 
6 1 0 0 
7 1 0 0 
8 1 0 0 
9 1 0 0 
10 1 0 0 
11 1 0 0 
12 1 0 0 
13 1 0 0 
14 1 0 0 
15 1 0 0 
16 1 0 0 
17 1 0 0 
18 1 0 0 
19 1 0 0 
20 1 0 0 
21 1 0 0 
22 1 0 0 
23 1 0 0 
24 1 0 0 
25 1 0 0 
26 1 0 0 
#t = 68000; extr. Ts: 
0 0 0 0 
1 0 0 0 
2 0 0 0 
3 0 0 0 
4 0 0 0 
5 0 0 0 
6 0 0 0 
7 0 0 0 
8 0 0 0 
9 0 0 0 
10 0 0 0 
11 0 0 0 
12 0 0 0 
13 0 0 0 
14 0 0 0 
15 0 0 0 
16 0 0 0 
17 0 0 0 
18 0 0 0 
19 0 0 0 
20 0 0 0 
21 0 457 9.8439 
22 0 14748 182.78 
23 0 127949 2513.29 
24 0 1.72716e+06 21376.1 
25 0 1.16443e+06 106059 
26 0 501203 136557 
0 1 0 0 
1 1 0 0 
2 1 0 0 
3 1 0 0 
4 1 0 0 
5 1 0 0 
6 1 0 0 
7 1 0 0 
8 1 0 0 
9 1 0 0 
10 1 0 0 
11 1 0 0 
12 1 0 0 
13 1 0 0 
14 1 0 0 
15 1 0 0 
16 1 0 0 
17 1 0 0 
18 1 0 0 
19 1 0 0 
20 1 0 0 
21 1 0 0 
22 1 0 0 
23 1 0 0 
24 1 0 0 
25 1 0 0 
26 1 0 0 
#t = 70000; extr. Ts: 
0 0 0 0 
1 0 0 0 
2 0 0 0 
3 0 0 0 
4 0 0 0 
5 0 0 0 
6 0 0 0 
7 0 0 0 
8 0 0 0 
9 0 0 0 
10 0 0 0 
11 0 0 0 
12 0 0 0 
13 0 0 0 
14 0 0 0 
15 0 0 0 
16 0 0 0 
17 0 0 0 
18 0 0 0 
19 0 0 0 
20 0 0 0 
21 0 457 9.8439 
22 0 14748 182.78 
23 0 131950 2591.88 
24 0 1.76103e+06 21795.2 
25 0 1.19753e+06 109074 
26 0 534235 145557 
0 1 0 0 
1 1 0 0 
2 1 0 0 
3 1 0 0 
4 1 0 0 
5 1 0 0 
6 1 0 0 
7 1 0 0 
8 1 0 0 
9 1 0 0 
10 1 0 0 
11 1 0 0 
12 1 0 0 
13 1 0 0 
14 1 0 0 
15 1 0 0 
16 1 0 0 
17 1 0 0 
18 1 0 0 
19 1 0 0 
20 1 0 0 
21 1 0 0 
22 1 0 0 
23 1 0 0 
24 1 0 0 
25 1 0 0 
26 1 0 0 
#t = 72000; extr. Ts: 
0 0 0 0 
1 0 0 0 
2 0 0 0 
3 0 0 0 
4 0 0 0 
5 0 0 0 
6 0 0 0 
7 0 0 0 
8 0 0 0 
9 0 0 0 
10 0 0 0 
11 0 0 0 
12 0 0 0 
13 0 0 0 
14 0 0 0 
15 0 0 0 
16 0 0 0 
17 0 0 0 
18 0 0 0 
19 0 0 0 
20 0 0 0 
21 0 457 9.8439 
22 0 14748 182.78 
23 0 132366 2600.05 
24 0 1.7965e+06 22234.2 
25 0 1.25008e+06 113861 
26 0 549797 149797 
0 1 0 0 
1 1 0 0 
2 1 0 0 
3 1 0 0 
4 1 0 0 
5 1 0 0 
6 1 0 0 
7 1 0 0 
8 1 0 0 
9 1 0 0 
10 1 0 0 
11 1 0 0 
12 1 0 0 
13 1 0 0 
14 1 0 0 
15 1 0 0 
16 1 0 0 
17 1 0 0 
18 1 0 0 
19 1 0 0 
20 1 0 0 
21 1 0 0 
22 1 0 0 
23 1 0 0 
24 1 0 0 
25 1 0 0 
26 1 0 0 
#t = 74000; extr. Ts: 
0 0 0 0 
1 0 0 0 
2 0 0 0 
3 0 0 0 
4 0 0 0 
5 0 0 0 
6 0 0 0 
7 0 0 0 
8 0 0 0 
9 0 0 0 
10 0 0 0 
11 0 0 0 
12 0 0 0 
13 0 0 0 
14 0 0 0 
15 0 0 0 
16 0 0 0 
17 0 0 0 
18 0 0 0 
19 0 0 0 
20 0 0 0 
21 0 457 9.8439 
22 0 14748 182.78 
23 0 132366 2600.05 
24 0 1.79857e+06 22259.9 
25 0 1.30029e+06 118434 
26 0 601510 163886 
0 1 0 0 
1 1 0 0 
2 1 0 0 
3 1 0 0 
4 1 0 0 
5 1 0 0 
6 1 0 0 
7 1 0 0 
8 1 0 0 
9 1 0 0 
10 1 0 0 
11 1 0 0 
12 1 0 0 
13 1 0 0 
14 1 0 0 
15 1 0 0 
16 1 0 0 
17 1 0 0 
18 1 0 0 
19 1 0 0 
20 1 0 0 
21 1 0 0 
22 1 0 0 
23 1 0 0 
24 1 0 0 
25 1 0 0 
26 1 0 0 
#t = 76000; extr. Ts: 
0 0 0 0 
1 0 0 0 
2 0 0 0 
3 0 0 0 
4 0 0 0 
5 0 0 0 
6 0 0 0 
7 0 0 0 
8 0 0 0 
9 0 0 0 
10 0 0 0 
11 0 0 0 
12 0 0 0 
13 0 0 0 
14 0 0 0 
15 0 0 0 
16 0 0 0 
17 0 0 0 
18 0 0 0 
19 0 0 0 
20 0 0 0 
21 0 457 9.8439 
22 0 14748 182.78 
23 0 133122 2614.9 
24 0 1.84739e+06 22864 
25 0 1.32965e+06 121108 
26 0 626587 170719 
0 1 0 0 
1 1 0 0 
2 1 0 0 
3 1 0 0 
4 1 0 0 
5 1 0 0 
6 1 0 0 
7 1 0 0 
8 1 0 0 
9 1 0 0 
10 1 0 0 
11 1 0 0 
12 1 0 0 
13 1 0 0 
14 1 0 0 
15 1 0 0 
16 1 0 0 
17 1 0 0 
18 1 0 0 
19 1 0 0 
20 1 0 0 
21 1 0 0 
22 1 0 0 
23 1 0 0 
24 1 0 0 
25 1 0 0 
26 1 0 0 
#t = 78000; extr. Ts: 
0 0 0 0 
1 0 0 0 
2 0 0 0 
3 0 0 0 
4 0 0 0 
5 0 0 0 
6 0 0 0 
7 0 0 0 
8 0 0 0 
9 0 0 0 
10 0 0 0 
11 0 0 0 
12 0 0 0 
13 0 0 0 
14 0 0 0 
15 0 0 0 
16 0 0 0 
17 0 0 0 
18 0 0 0 
19 0 0 0 
20 0 0 0 
21 0 457 9.8439 
22 0 14748 182.78 
23 0 134517 2642.3 
24 0 1.87523e+06 23208.6 
25 0 1.3785e+06 125558 
26 0 652495 177778 
0 1 0 0 
1 1 0 0 
2 1 0 0 
3 1 0 0 
4 1 0 0 
5 1 0 0 
6 1 0 0 
7 1 0 0 
8 1 0 0 
9 1 0 0 
10 1 0 0 
11 1 0 0 
12 1 0 0 
13 1 0 0 
14 1 0 0 
15 1 0 0 
16 1 0 0 
17 1 0 0 
18 1 0 0 
19 1 0 0 
20 1 0 0 
21 1 0 0 
22 1 0 0 
23 1 0 0 
24 1 0 0 
25 1 0 0 
26 1 0 0 
#t = 80000; extr. Ts: 
0 0 0 0 
1 0 0 0 
2 0 0 0 
3 0 0 0 
4 0 0 0 
5 0 0 0 
6 0 0 0 
7 0 0 0 
8 0 0 0 
9 0 0 0 
10 0 0 0 
11 0 0 0 
12 0 0 0 
13 0 0 0 
14 0 0 0 
15 0 0 0 
16 0 0 0 
17 0 0 0 
18 0 0 0 
19 0 0 0 
20 0 0 0 
21 0 457 9.8439 
22 0 15206 188.457 
23 0 135199 2655.7 
24 0 1.89834e+06 23494.7 
25 0 1.4326e+06 130485 
26 0 678145 184766 
0 1 0 0 
1 1 0 0 
2 1 0 0 
3 1 0 0 
4 1 0 0 
5 1 0 0 
6 1 0 0 
7 1 0 0 
8 1 0 0 
9 1 0 0 
10 1 0 0 
11 1 0 0 
12 1 0 0 
13 1 0 0 
14 1 0 0 
15 1 0 0 
16 1 0 0 
17 1 0 0 
18 1 0 0 
19 1 0 0 
20 1 0 0 
21 1 0 0 
22 1 0 0 
23 1 0 0 
24 1 0 0 
25 1 0 0 
26 1 0 0 
#t = 82000; extr. Ts: 
0 0 0 0 
1 0 0 0 
2 0 0 0 
3 0 0 0 
4 0 0 0 
5 0 0 0 
6 0 0 0 
7 0 0 0 
8 0 0 0 
9 0 0 0 
10 0 0 0 
11 0 0 0 
12 0 0 0 
13 0 0 0 
14 0 0 0 
15 0 0 0 
16 0 0 0 
17 0 0 0 
18 0 0 0 
19 0 0 0 
20 0 0 0 
21 0 457 9.8439 
22 0 15206 188.457 
23 0 135199 2655.7 
24 0 1.91575e+06 23710.1 
25 0 1.46318e+06 133271 
26 0 734152 200026 
0 1 0 0 
1 1 0 0 
2 1 0 0 
3 1 0 0 
4 1 0 0 
5 1 0 0 
6 1 0 0 
7 1 0 0 
8 1 0 0 
9 1 0 0 
10 1 0 0 
11 1 0 0 
12 1 0 0 
13 1 0 0 
14 1 0 0 
15 1 0 0 
16 1 0 0 
17 1 0 0 
18 1 0 0 
19 1 0 0 
20 1 0 0 
21 1 0 0 
22 1 0 0 
23 1 0 0 
24 1 0 0 
25 1 0 0 
26 1 0 0 
#t = 84000; extr. Ts: 
0 0 0 0 
1 0 0 0 
2 0 0 0 
3 0 0 0 
4 0 0 0 
5 0 0 0 
6 0 0 0 
7 0 0 0 
8 0 0 0 
9 0 0 0 
10 0 0 0 
11 0 0 0 
12 0 0 0 
13 0 0 0 
14 0 0 0 
15 0 0 0 
16 0 0 0 
17 0 0 0 
18 0 0 0 
19 0 0 0 
20 0 0 0 
21 0 457 9.8439 
22 0 15206 188.457 
23 0 136955 2690.19 
24 0 1.92452e+06 23818.7 
25 0 1.4914e+06 135841 
26 0 799403 217804 
0 1 0 0 
1 1 0 0 
2 1 0 0 
3 1 0 0 
4 1 0 0 
5 1 0 0 
6 1 0 0 
7 1 0 0 
8 1 0 0 
9 1 0 0 
10 1 0 0 
11 1 0 0 
12 1 0 0 
13 1 0 0 
14 1 0 0 
15 1 0 0 
16 1 0 0 
17 1 0 0 
18 1 0 0 
19 1 0 0 
20 1 0 0 
21 1 0 0 
22 1 0 0 
23 1 0 0 
24 1 0 0 
25 1 0 0 
26 1 0 0 
#t = 86000; extr. Ts: 
0 0 0 0 
1 0 0 0 
2 0 0 0 
3 0 0 0 
4 0 0 0 
5 0 0 0 
6 0 0 0 
7 0 0 0 
8 0 0 0 
9 0 0 0 
10 0 0 0 
11 0 0 0 
12 0 0 0 
13 0 0 0 
14 0 0 0 
15 0 0 0 
16 0 0 0 
17 0 0 0 
18 0 0 0 
19 0 0 0 
20 0 0 0 
21 0 457 9.8439 
22 0 15206 188.457 
23 0 140141 2752.77 
24 0 1.98355e+06 24549.3 
25 0 1.52358e+06 138772 
26 0 809006 220420 
0 1 0 0 
1 1 0 0 
2 1 0 0 
3 1 0 0 
4 1 0 0 
5 1 0 0 
6 1 0 0 
7 1 0 0 
8 1 0 0 
9 1 0 0 
10 1 0 0 
11 1 0 0 
12 1 0 0 
13 1 0 0 
14 1 0 0 
15 1 0 0 
16 1 0 0 
17 1 0 0 
18 1 0 0 
19 1 0 0 
20 1 0 0 
21 1 0 0 
22 1 0 0 
23 1 0 0 
24 1 0 0 
25 1 0 0 
26 1 0 0 
#t = 88000; extr. Ts: 
0 0 0 0 
1 0 0 0 
2 0 0 0 
3 0 0 0 
4 0 0 0 
5 0 0 0 
6 0 0 0 
7 0 0 0 
8 0 0 0 
9 0 0 0 
10 0 0 0 
11 0 0 0 
12 0 0 0 
13 0 0 0 
14 0 0 0 
15 0 0 0 
16 0 0 0 
17 0 0 0 
18 0 0 0 
19 0 0 0 
20 0 0 0 
21 0 457 9.8439 
22 0 18733 232.169 
23 0 155132 3047.24 
24 0 2.06227e+06 25523.5 
25 0 1.53035e+06 139388 
26 0 809006 220420 
0 1 0 0 
1 1 0 0 
2 1 0 0 
3 1 0 0 
4 1 0 0 
5 1 0 0 
6 1 0 0 
7 1 0 0 
8 1 0 0 
9 1 0 0 
10 1 0 0 
11 1 0 0 
12 1 0 0 
13 1 0 0 
14 1 0 0 
15 1 0 0 
16 1 0 0 
17 1 0 0 
18 1 0 0 
19 1 0 0 
20 1 0 0 
21 1 0 0 
22 1 0 0 
23 1 0 0 
24 1 0 0 
25 1 0 0 
26 1 0 0 
#t = 90000; extr. Ts: 
0 0 0 0 
1 0 0 0 
2 0 0 0 
3 0 0 0 
4 0 0 0 
5 0 0 0 
6 0 0 0 
7 0 0 0 
8 0 0 0 
9 0 0 0 
10 0 0 0 
11 0 0 0 
12 0 0 0 
13 0 0 0 
14 0 0 0 
15 0 0 0 
16 0 0 0 
17 0 0 0 
18 0 0 0 
19 0 0 0 
20 0 0 0 
21 0 457 9.8439 
22 0 18733 232.169 
23 0 155132 3047.24 
24 0 2.08518e+06 25807 
25 0 1.60968e+06 146614 
26 0 810771 220901 
0 1 0 0 
1 1 0 0 
2 1 0 0 
3 1 0 0 
4 1 0 0 
5 1 0 0 
6 1 0 0 
7 1 0 0 
8 1 0 0 
9 1 0 0 
10 1 0 0 
11 1 0 0 
12 1 0 0 
13 1 0 0 
14 1 0 0 
15 1 0 0 
16 1 0 0 
17 1 0 0 
18 1 0 0 
19 1 0 0 
20 1 0 0 
21 1 0 0 
22 1 0 0 
23 1 0 0 
24 1 0 0 
25 1 0 0 
26 1 0 0 
#t = 92000; extr. Ts: 
0 0 0 0 
1 0 0 0 
2 0 0 0 
3 0 0 0 
4 0 0 0 
5 0 0 0 
6 0 0 0 
7 0 0 0 
8 0 0 0 
9 0 0 0 
10 0 0 0 
11 0 0 0 
12 0 0 0 
13 0 0 0 
14 0 0 0 
15 0 0 0 
16 0 0 0 
17 0 0 0 
18 0 0 0 
19 0 0 0 
20 0 0 0 
21 0 457 9.8439 
22 0 18733 232.169 
23 0 155806 3060.48 
24 0 2.14631e+06 26563.6 
25 0 1.63814e+06 149206 
26 0 824506 224643 
0 1 0 0 
1 1 0 0 
2 1 0 0 
3 1 0 0 
4 1 0 0 
5 1 0 0 
6 1 0 0 
7 1 0 0 
8 1 0 0 
9 1 0 0 
10 1 0 0 
11 1 0 0 
12 1 0 0 
13 1 0 0 
14 1 0 0 
15 1 0 0 
16 1 0 0 
17 1 0 0 
18 1 0 0 
19 1 0 0 
20 1 0 0 
21 1 0 0 
22 1 0 0 
23 1 0 0 
24 1 0 0 
25 1 0 0 
26 1 0 0 
#t = 94000; extr. Ts: 
0 0 0 0 
1 0 0 0 
2 0 0 0 
3 0 0 0 
4 0 0 0 
5 0 0 0 
6 0 0 0 
7 0 0 0 
8 0 0 0 
9 0 0 0 
10 0 0 0 
11 0 0 0 
12 0 0 0 
13 0 0 0 
14 0 0 0 
15 0 0 0 
16 0 0 0 
17 0 0 0 
18 0 0 0 
19 0 0 0 
20 0 0 0 
21 0 457 9.8439 
22 0 18733 232.169 
23 0 155806 3060.48 
24 0 2.21085e+06 27362.4 
25 0 1.67412e+06 152484 
26 0 827976 225589 
0 1 0 0 
1 1 0 0 
2 1 0 0 
3 1 0 0 
4 1 0 0 
5 1 0 0 
6 1 0 0 
7 1 0 0 
8 1 0 0 
9 1 0 0 
10 1 0 0 
11 1 0 0 
12 1 0 0 
13 1 0 0 
14 1 0 0 
15 1 0 0 
16 1 0 0 
17 1 0 0 
18 1 0 0 
19 1 0 0 
20 1 0 0 
21 1 0 0 
22 1 0 0 
23 1 0 0 
24 1 0 0 
25 1 0 0 
26 1 0 0 
#t = 96000; extr. Ts: 
0 0 0 0 
1 0 0 0 
2 0 0 0 
3 0 0 0 
4 0 0 0 
5 0 0 0 
6 0 0 0 
7 0 0 0 
8 0 0 0 
9 0 0 0 
10 0 0 0 
11 0 0 0 
12 0 0 0 
13 0 0 0 
14 0 0 0 
15 0 0 0 
16 0 0 0 
17 0 0 0 
18 0 0 0 
19 0 0 0 
20 0 0 0 
21 0 457 9.8439 
22 0 18733 232.169 
23 0 155874 3061.81 
24 0 2.22768e+06 27570.7 
25 0 1.72706e+06 157305 
26 0 862139 234897 
0 1 0 0 
1 1 0 0 
2 1 0 0 
3 1 0 0 
4 1 0 0 
5 1 0 0 
6 1 0 0 
7 1 0 0 
8 1 0 0 
9 1 0 0 
10 1 0 0 
11 1 0 0 
12 1 0 0 
13 1 0 0 
14 1 0 0 
15 1 0 0 
16 1 0 0 
17 1 0 0 
18 1 0 0 
19 1 0 0 
20 1 0 0 
21 1 0 0 
22 1 0 0 
23 1 0 0 
24 1 0 0 
25 1 0 0 
26 1 0 0 
#t = 98000; extr. Ts: 
0 0 0 0 
1 0 0 0 
2 0 0 0 
3 0 0 0 
4 0 0 0 
5 0 0 0 
6 0 0 0 
7 0 0 0 
8 0 0 0 
9 0 0 0 
10 0 0 0 
11 0 0 0 
12 0 0 0 
13 0 0 0 
14 0 0 0 
15 0 0 0 
16 0 0 0 
17 0 0 0 
18 0 0 0 
19 0 0 0 
20 0 0 0 
21 0 457 9.8439 
22 0 18733 232.169 
23 0 155874 3061.81 
24 0 2.23536e+06 27665.7 
25 0 1.77522e+06 161691 
26 0 910309 248021 
0 1 0 0 
1 1 0 0 
2 1 0 0 
3 1 0 0 
4 1 0 0 
5 1 0 0 
6 1 0 0 
7 1 0 0 
8 1 0 0 
9 1 0 0 
10 1 0 0 
11 1 0 0 
12 1 0 0 
13 1 0 0 
14 1 0 0 
15 1 0 0 
16 1 0 0 
17 1 0 0 
18 1 0 0 
19 1 0 0 
20 1 0 0 
21 1 0 0 
22 1 0 0 
23 1 0 0 
24 1 0 0 
25 1 0 0 
26 1 0 0 
#t = 100000; extr. Ts: 
0 0 0 0 
1 0 0 0 
2 0 0 0 
3 0 0 0 
4 0 0 0 
5 0 0 0 
6 0 0 0 
7 0 0 0 
8 0 0 0 
9 0 0 0 
10 0 0 0 
11 0 0 0 
12 0 0 0 
13 0 0 0 
14 0 0 0 
15 0 0 0 
16 0 0 0 
17 0 0 0 
18 0 0 0 
19 0 0 0 
20 0 0 0 
21 0 457 9.8439 
22 0 18733 232.169 
23 0 156206 3068.34 
24 0 2.24904e+06 27835.1 
25 0 1.85403e+06 168870 
26 0 921474 251063 
0 1 0 0 
1 1 0 0 
2 1 0 0 
3 1 0 0 
4 1 0 0 
5 1 0 0 
6 1 0 0 
7 1 0 0 
8 1 0 0 
9 1 0 0 
10 1 0 0 
11 1 0 0 
12 1 0 0 
13 1 0 0 
14 1 0 0 
15 1 0 0 
16 1 0 0 
17 1 0 0 
18 1 0 0 
19 1 0 0 
20 1 0 0 
21 1 0 0 
22 1 0 0 
23 1 0 0 
24 1 0 0 
25 1 0 0 
26 1 0 0 
#t = 102000; extr. Ts: 
0 0 0 0 
1 0 0 0 
2 0 0 0 
3 0 0 0 
4 0 0 0 
5 0 0 0 
6 0 0 0 
7 0 0 0 
8 0 0 0 
9 0 0 0 
10 0 0 0 
11 0 0 0 
12 0 0 0 
13 0 0 0 
14 0 0 0 
15 0 0 0 
16 0 0 0 
17 0 0 0 
18 0 0 0 
19 0 0 0 
20 0 0 0 
21 0 457 9.8439 
22 0 18733 232.169 
23 0 156952 3082.99 
24 0 2.30564e+06 28535.5 
25 0 1.88462e+06 171656 
26 0 937553 255444 
0 1 0 0 
1 1 0 0 
2 1 0 0 
3 1 0 0 
4 1 0 0 
5 1 0 0 
6 1 0 0 
7 1 0 0 
8 1 0 0 
9 1 0 0 
10 1 0 0 
11 1 0 0 
12 1 0 0 
13 1 0 0 
14 1 0 0 
15 1 0 0 
16 1 0 0 
17 1 0 0 
18 1 0 0 
19 1 0 0 
20 1 0 0 
21 1 0 0 
22 1 0 0 
23 1 0 0 
24 1 0 0 
25 1 0 0 
26 1 0 0 
#t = 104000; extr. Ts: 
0 0 0 0 
1 0 0 0 
2 0 0 0 
3 0 0 0 
4 0 0 0 
5 0 0 0 
6 0 0 0 
7 0 0 0 
8 0 0 0 
9 0 0 0 
10 0 0 0 
11 0 0 0 
12 0 0 0 
13 0 0 0 
14 0 0 0 
15 0 0 0 
16 0 0 0 
17 0 0 0 
18 0 0 0 
19 0 0 0 
20 0 0 0 
21 0 457 9.8439 
22 0 18733 232.169 
23 0 157283 3089.49 
24 0 2.32099e+06 28725.6 
25 0 1.94887e+06 177508 
26 0 961615 262000 
0 1 0 0 
1 1 0 0 
2 1 0 0 
3 1 0 0 
4 1 0 0 
5 1 0 0 
6 1 0 0 
7 1 0 0 
8 1 0 0 
9 1 0 0 
10 1 0 0 
11 1 0 0 
12 1 0 0 
13 1 0 0 
14 1 0 0 
15 1 0 0 
16 1 0 0 
17 1 0 0 
18 1 0 0 
19 1 0 0 
20 1 0 0 
21 1 0 0 
22 1 0 0 
23 1 0 0 
24 1 0 0 
25 1 0 0 
26 1 0 0 
#t = 106000; extr. Ts: 
0 0 0 0 
1 0 0 0 
2 0 0 0 
3 0 0 0 
4 0 0 0 
5 0 0 0 
6 0 0 0 
7 0 0 0 
8 0 0 0 
9 0 0 0 
10 0 0 0 
11 0 0 0 
12 0 0 0 
13 0 0 0 
14 0 0 0 
15 0 0 0 
16 0 0 0 
17 0 0 0 
18 0 0 0 
19 0 0 0 
20 0 0 0 
21 0 457 9.8439 
22 0 18733 232.169 
23 0 157747 3098.61 
24 0 2.36949e+06 29325.8 
25 0 1.99213e+06 181448 
26 0 973398 265210 
0 1 0 0 
1 1 0 0 
2 1 0 0 
3 1 0 0 
4 1 0 0 
5 1 0 0 
6 1 0 0 
7 1 0 0 
8 1 0 0 
9 1 0 0 
10 1 0 0 
11 1 0 0 
12 1 0 0 
13 1 0 0 
14 1 0 0 
15 1 0 0 
16 1 0 0 
17 1 0 0 
18 1 0 0 
19 1 0 0 
20 1 0 0 
21 1 0 0 
22 1 0 0 
23 1 0 0 
24 1 0 0 
25 1 0 0 
26 1 0 0 
#t = 108000; extr. Ts: 
0 0 0 0 
1 0 0 0 
2 0 0 0 
3 0 0 0 
4 0 0 0 
5 0 0 0 
6 0 0 0 
7 0 0 0 
8 0 0 0 
9 0 0 0 
10 0 0 0 
11 0 0 0 
12 0 0 0 
13 0 0 0 
14 0 0 0 
15 0 0 0 
16 0 0 0 
17 0 0 0 
18 0 0 0 
19 0 0 0 
20 0 0 0 
21 0 457 9.8439 
22 0 18733 232.169 
23 0 159254 3128.21 
24 0 2.4473e+06 30288.8 
25 0 2.01525e+06 183554 
26 0 974955 265635 
0 1 0 0 
1 1 0 0 
2 1 0 0 
3 1 0 0 
4 1 0 0 
5 1 0 0 
6 1 0 0 
7 1 0 0 
8 1 0 0 
9 1 0 0 
10 1 0 0 
11 1 0 0 
12 1 0 0 
13 1 0 0 
14 1 0 0 
15 1 0 0 
16 1 0 0 
17 1 0 0 
18 1 0 0 
19 1 0 0 
20 1 0 0 
21 1 0 0 
22 1 0 0 
23 1 0 0 
24 1 0 0 
25 1 0 0 
26 1 0 0 
#t = 110000; extr. Ts: 
0 0 0 0 
1 0 0 0 
2 0 0 0 
3 0 0 0 
4 0 0 0 
5 0 0 0 
6 0 0 0 
7 0 0 0 
8 0 0 0 
9 0 0 0 
10 0 0 0 
11 0 0 0 
12 0 0 0 
13 0 0 0 
14 0 0 0 
15 0 0 0 
16 0 0 0 
17 0 0 0 
18 0 0 0 
19 0 0 0 
20 0 0 0 
21 0 457 9.8439 
22 0 18733 232.169 
23 0 172637 3391.09 
24 0 2.49933e+06 30932.8 
25 0 2.05383e+06 187068 
26 0 974955 265635 
0 1 0 0 
1 1 0 0 
2 1 0 0 
3 1 0 0 
4 1 0 0 
5 1 0 0 
6 1 0 0 
7 1 0 0 
8 1 0 0 
9 1 0 0 
10 1 0 0 
11 1 0 0 
12 1 0 0 
13 1 0 0 
14 1 0 0 
15 1 0 0 
16 1 0 0 
17 1 0 0 
18 1 0 0 
19 1 0 0 
20 1 0 0 
21 1 0 0 
22 1 0 0 
23 1 0 0 
24 1 0 0 
25 1 0 0 
26 1 0 0 
#t = 112000; extr. Ts: 
0 0 0 0 
1 0 0 0 
2 0 0 0 
3 0 0 0 
4 0 0 0 
5 0 0 0 
6 0 0 0 
7 0 0 0 
8 0 0 0 
9 0 0 0 
10 0 0 0 
11 0 0 0 
12 0 0 0 
13 0 0 0 
14 0 0 0 
15 0 0 0 
16 0 0 0 
17 0 0 0 
18 0 0 0 
19 0 0 0 
20 0 0 0 
21 0 457 9.8439 
22 0 18733 232.169 
23 0 180030 3536.31 
24 0 2.59208e+06 32080.7 
25 0 2.05769e+06 187420 
26 0 974955 265635 
0 1 0 0 
1 1 0 0 
2 1 0 0 
3 1 0 0 
4 1 0 0 
5 1 0 0 
6 1 0 0 
7 1 0 0 
8 1 0 0 
9 1 0 0 
10 1 0 0 
11 1 0 0 
12 1 0 0 
13 1 0 0 
14 1 0 0 
15 1 0 0 
16 1 0 0 
17 1 0 0 
18 1 0 0 
19 1 0 0 
20 1 0 0 
21 1 0 0 
22 1 0 0 
23 1 0 0 
24 1 0 0 
25 1 0 0 
26 1 0 0 
#t = 114000; extr. Ts: 
0 0 0 0 
1 0 0 0 
2 0 0 0 
3 0 0 0 
4 0 0 0 
5 0 0 0 
6 0 0 0 
7 0 0 0 
8 0 0 0 
9 0 0 0 
10 0 0 0 
11 0 0 0 
12 0 0 0 
13 0 0 0 
14 0 0 0 
15 0 0 0 
16 0 0 0 
17 0 0 0 
18 0 0 0 
19 0 0 0 
20 0 0 0 
21 0 457 9.8439 
22 0 18733 232.169 
23 0 183492 3604.31 
24 0 2.67109e+06 33058.5 
25 0 2.07922e+06 189381 
26 0 974955 265635 
0 1 0 0 
1 1 0 0 
2 1 0 0 
3 1 0 0 
4 1 0 0 
5 1 0 0 
6 1 0 0 
7 1 0 0 
8 1 0 0 
9 1 0 0 
10 1 0 0 
11 1 0 0 
12 1 0 0 
13 1 0 0 
14 1 0 0 
15 1 0 0 
16 1 0 0 
17 1 0 0 
18 1 0 0 
19 1 0 0 
20 1 0 0 
21 1 0 0 
22 1 0 0 
23 1 0 0 
24 1 0 0 
25 1 0 0 
26 1 0 0 
#t = 116000; extr. Ts: 
0 0 0 0 
1 0 0 0 
2 0 0 0 
3 0 0 0 
4 0 0 0 
5 0 0 0 
6 0 0 0 
7 0 0 0 
8 0 0 0 
9 0 0 0 
10 0 0 0 
11 0 0 0 
12 0 0 0 
13 0 0 0 
14 0 0 0 
15 0 0 0 
16 0 0 0 
17 0 0 0 
18 0 0 0 
19 0 0 0 
20 0 0 0 
21 0 991 21.3464 
22 0 21130 261.876 
23 0 186440 3662.22 
24 0 2.70377e+06 33462.9 
25 0 2.14466e+06 195342 
26 0 974955 265635 
0 1 0 0 
1 1 0 0 
2 1 0 0 
3 1 0 0 
4 1 0 0 
5 1 0 0 
6 1 0 0 
7 1 0 0 
8 1 0 0 
9 1 0 0 
10 1 0 0 
11 1 0 0 
12 1 0 0 
13 1 0 0 
14 1 0 0 
15 1 0 0 
16 1 0 0 
17 1 0 0 
18 1 0 0 
19 1 0 0 
20 1 0 0 
21 1 0 0 
22 1 0 0 
23 1 0 0 
24 1 0 0 
25 1 0 0 
26 1 0 0 
#t = 118000; extr. Ts: 
0 0 0 0 
1 0 0 0 
2 0 0 0 
3 0 0 0 
4 0 0 0 
5 0 0 0 
6 0 0 0 
7 0 0 0 
8 0 0 0 
9 0 0 0 
10 0 0 0 
11 0 0 0 
12 0 0 0 
13 0 0 0 
14 0 0 0 
15 0 0 0 
16 0 0 0 
17 0 0 0 
18 0 0 0 
19 0 0 0 
20 0 0 0 
21 0 991 21.3464 
22 0 21130 261.876 
23 0 187134 3675.85 
24 0 2.79565e+06 34600.1 
25 0 2.15609e+06 196382 
26 0 974955 265635 
0 1 0 0 
1 1 0 0 
2 1 0 0 
3 1 0 0 
4 1 0 0 
5 1 0 0 
6 1 0 0 
7 1 0 0 
8 1 0 0 
9 1 0 0 
10 1 0 0 
11 1 0 0 
12 1 0 0 
13 1 0 0 
14 1 0 0 
15 1 0 0 
16 1 0 0 
17 1 0 0 
18 1 0 0 
19 1 0 0 
20 1 0 0 
21 1 0 0 
22 1 0 0 
23 1 0 0 
24 1 0 0 
25 1 0 0 
26 1 0 0 
#t = 120000; extr. Ts: 
0 0 0 0 
1 0 0 0 
2 0 0 0 
3 0 0 0 
4 0 0 0 
5 0 0 0 
6 0 0 0 
7 0 0 0 
8 0 0 0 
9 0 0 0 
10 0 0 0 
11 0 0 0 
12 0 0 0 
13 0 0 0 
14 0 0 0 
15 0 0 0 
16 0 0 0 
17 0 0 0 
18 0 0 0 
19 0 0 0 
20 0 0 0 
21 0 991 21.3464 
22 0 21130 261.876 
23 0 187683 3686.64 
24 0 2.82088e+06 34912.4 
25 0 2.23431e+06 203506 
26 0 974955 265635 
0 1 0 0 
1 1 0 0 
2 1 0 0 
3 1 0 0 
4 1 0 0 
5 1 0 0 
6 1 0 0 
7 1 0 0 
8 1 0 0 
9 1 0 0 
10 1 0 0 
11 1 0 0 
12 1 0 0 
13 1 0 0 
14 1 0 0 
15 1 0 0 
16 1 0 0 
17 1 0 0 
18 1 0 0 
19 1 0 0 
20 1 0 0 
21 1 0 0 
22 1 0 0 
23 1 0 0 
24 1 0 0 
25 1 0 0 
26 1 0 0 
#t = 122000; extr. Ts: 
0 0 0 0 
1 0 0 0 
2 0 0 0 
3 0 0 0 
4 0 0 0 
5 0 0 0 
6 0 0 0 
7 0 0 0 
8 0 0 0 
9 0 0 0 
10 0 0 0 
11 0 0 0 
12 0 0 0 
13 0 0 0 
14 0 0 0 
15 0 0 0 
16 0 0 0 
17 0 0 0 
18 0 0 0 
19 0 0 0 
20 0 0 0 
21 0 991 21.3464 
22 0 22225 275.447 
23 0 189264 3717.69 
24 0 2.83651e+06 35105.8 
25 0 2.32001e+06 211312 
26 0 974955 265635 
0 1 0 0 
1 1 0 0 
2 1 0 0 
3 1 0 0 
4 1 0 0 
5 1 0 0 
6 1 0 0 
7 1 0 0 
8 1 0 0 
9 1 0 0 
10 1 0 0 
11 1 0 0 
12 1 0 0 
13 1 0 0 
14 1 0 0 
15 1 0 0 
16 1 0 0 
17 1 0 0 
18 1 0 0 
19 1 0 0 
20 1 0 0 
21 1 0 0 
22 1 0 0 
23 1 0 0 
24 1 0 0 
25 1 0 0 
26 1 0 0 
#t = 124000; extr. Ts: 
0 0 0 0 
1 0 0 0 
2 0 0 0 
3 0 0 0 
4 0 0 0 
5 0 0 0 
6 0 0 0 
7 0 0 0 
8 0 0 0 
9 0 0 0 
10 0 0 0 
11 0 0 0 
12 0 0 0 
13 0 0 0 
14 0 0 0 
15 0 0 0 
16 0 0 0 
17 0 0 0 
18 0 0 0 
19 0 0 0 
20 0 0 0 
21 0 991 21.3464 
22 0 22225 275.447 
23 0 191779 3767.09 
24 0 2.9215e+06 36157.7 
25 0 2.3365e+06 212814 
26 0 974955 265635 
0 1 0 0 
1 1 0 0 
2 1 0 0 
3 1 0 0 
4 1 0 0 
5 1 0 0 
6 1 0 0 
7 1 0 0 
8 1 0 0 
9 1 0 0 
10 1 0 0 
11 1 0 0 
12 1 0 0 
13 1 0 0 
14 1 0 0 
15 1 0 0 
16 1 0 0 
17 1 0 0 
18 1 0 0 
19 1 0 0 
20 1 0 0 
21 1 0 0 
22 1 0 0 
23 1 0 0 
24 1 0 0 
25 1 0 0 
26 1 0 0 
#t = 126000; extr. Ts: 
0 0 0 0 
1 0 0 0 
2 0 0 0 
3 0 0 0 
4 0 0 0 
5 0 0 0 
6 0 0 0 
7 0 0 0 
8 0 0 0 
9 0 0 0 
10 0 0 0 
11 0 0 0 
12 0 0 0 
13 0 0 0 
14 0 0 0 
15 0 0 0 
16 0 0 0 
17 0 0 0 
18 0 0 0 
19 0 0 0 
20 0 0 0 
21 0 991 21.3464 
22 0 22225 275.447 
23 0 196990 3869.45 
24 0 2.98584e+06 36954.1 
25 0 2.35214e+06 214239 
26 0 993752 270756 
0 1 0 0 
1 1 0 0 
2 1 0 0 
3 1 0 0 
4 1 0 0 
5 1 0 0 
6 1 0 0 
7 1 0 0 
8 1 0 0 
9 1 0 0 
10 1 0 0 
11 1 0 0 
12 1 0 0 
13 1 0 0 
14 1 0 0 
15 1 0 0 
16 1 0 0 
17 1 0 0 
18 1 0 0 
19 1 0 0 
20 1 0 0 
21 1 0 0 
22 1 0 0 
23 1 0 0 
24 1 0 0 
25 1 0 0 
26 1 0 0 
#t = 128000; extr. Ts: 
0 0 0 0 
1 0 0 0 
2 0 0 0 
3 0 0 0 
4 0 0 0 
5 0 0 0 
6 0 0 0 
7 0 0 0 
8 0 0 0 
9 0 0 0 
10 0 0 0 
11 0 0 0 
12 0 0 0 
13 0 0 0 
14 0 0 0 
15 0 0 0 
16 0 0 0 
17 0 0 0 
18 0 0 0 
19 0 0 0 
20 0 0 0 
21 0 991 21.3464 
22 0 22225 275.447 
23 0 196990 3869.45 
24 0 3.02526e+06 37441.8 
25 0 2.41164e+06 219658 
26 0 998848 272144 
0 1 0 0 
1 1 0 0 
2 1 0 0 
3 1 0 0 
4 1 0 0 
5 1 0 0 
6 1 0 0 
7 1 0 0 
8 1 0 0 
9 1 0 0 
10 1 0 0 
11 1 0 0 
12 1 0 0 
13 1 0 0 
14 1 0 0 
15 1 0 0 
16 1 0 0 
17 1 0 0 
18 1 0 0 
19 1 0 0 
20 1 0 0 
21 1 0 0 
22 1 0 0 
23 1 0 0 
24 1 0 0 
25 1 0 0 
26 1 0 0 
#t = 130000; extr. Ts: 
0 0 0 0 
1 0 0 0 
2 0 0 0 
3 0 0 0 
4 0 0 0 
5 0 0 0 
6 0 0 0 
7 0 0 0 
8 0 0 0 
9 0 0 0 
10 0 0 0 
11 0 0 0 
12 0 0 0 
13 0 0 0 
14 0 0 0 
15 0 0 0 
16 0 0 0 
17 0 0 0 
18 0 0 0 
19 0 0 0 
20 0 0 0 
21 0 991 21.3464 
22 0 22225 275.447 
23 0 197455 3878.59 
24 0 3.06205e+06 37897.3 
25 0 2.42543e+06 220915 
26 0 1.05179e+06 286569 
0 1 0 0 
1 1 0 0 
2 1 0 0 
3 1 0 0 
4 1 0 0 
5 1 0 0 
6 1 0 0 
7 1 0 0 
8 1 0 0 
9 1 0 0 
10 1 0 0 
11 1 0 0 
12 1 0 0 
13 1 0 0 
14 1 0 0 
15 1 0 0 
16 1 0 0 
17 1 0 0 
18 1 0 0 
19 1 0 0 
20 1 0 0 
21 1 0 0 
22 1 0 0 
23 1 0 0 
24 1 0 0 
25 1 0 0 
26 1 0 0 
#t = 132000; extr. Ts: 
0 0 0 0 
1 0 0 0 
2 0 0 0 
3 0 0 0 
4 0 0 0 
5 0 0 0 
6 0 0 0 
7 0 0 0 
8 0 0 0 
9 0 0 0 
10 0 0 0 
11 0 0 0 
12 0 0 0 
13 0 0 0 
14 0 0 0 
15 0 0 0 
16 0 0 0 
17 0 0 0 
18 0 0 0 
19 0 0 0 
20 0 0 0 
21 0 991 21.3464 
22 0 22225 275.447 
23 0 203559 3998.49 
24 0 3.11068e+06 38499.1 
25 0 2.45044e+06 223192 
26 0 1.07606e+06 293180 
0 1 0 0 
1 1 0 0 
2 1 0 0 
3 1 0 0 
4 1 0 0 
5 1 0 0 
6 1 0 0 
7 1 0 0 
8 1 0 0 
9 1 0 0 
10 1 0 0 
11 1 0 0 
12 1 0 0 
13 1 0 0 
14 1 0 0 
15 1 0 0 
16 1 0 0 
17 1 0 0 
18 1 0 0 
19 1 0 0 
20 1 0 0 
21 1 0 0 
22 1 0 0 
23 1 0 0 
24 1 0 0 
25 1 0 0 
26 1 0 0 
#t = 134000; extr. Ts: 
0 0 0 0 
1 0 0 0 
2 0 0 0 
3 0 0 0 
4 0 0 0 
5 0 0 0 
6 0 0 0 
7 0 0 0 
8 0 0 0 
9 0 0 0 
10 0 0 0 
11 0 0 0 
12 0 0 0 
13 0 0 0 
14 0 0 0 
15 0 0 0 
16 0 0 0 
17 0 0 0 
18 0 0 0 
19 0 0 0 
20 0 0 0 
21 0 991 21.3464 
22 0 22225 275.447 
23 0 204156 4010.21 
24 0 3.1481e+06 38962.2 
25 0 2.47092e+06 225058 
26 0 1.12156e+06 305577 
0 1 0 0 
1 1 0 0 
2 1 0 0 
3 1 0 0 
4 1 0 0 
5 1 0 0 
6 1 0 0 
7 1 0 0 
8 1 0 0 
9 1 0 0 
10 1 0 0 
11 1 0 0 
12 1 0 0 
13 1 0 0 
14 1 0 0 
15 1 0 0 
16 1 0 0 
17 1 0 0 
18 1 0 0 
19 1 0 0 
20 1 0 0 
21 1 0 0 
22 1 0 0 
23 1 0 0 
24 1 0 0 
25 1 0 0 
26 1 0 0 
#t = 136000; extr. Ts: 
0 0 0 0 
1 0 0 0 
2 0 0 0 
3 0 0 0 
4 0 0 0 
5 0 0 0 
6 0 0 0 
7 0 0 0 
8 0 0 0 
9 0 0 0 
10 0 0 0 
11 0 0 0 
12 0 0 0 
13 0 0 0 
14 0 0 0 
15 0 0 0 
16 0 0 0 
17 0 0 0 
18 0 0 0 
19 0 0 0 
20 0 0 0 
21 0 991 21.3464 
22 0 23877 295.921 
23 0 231419 4545.74 
24 0 3.21415e+06 39779.7 
25 0 2.47389e+06 225329 
26 0 1.12761e+06 307228 
0 1 0 0 
1 1 0 0 
2 1 0 0 
3 1 0 0 
4 1 0 0 
5 1 0 0 
6 1 0 0 
7 1 0 0 
8 1 0 0 
9 1 0 0 
10 1 0 0 
11 1 0 0 
12 1 0 0 
13 1 0 0 
14 1 0 0 
15 1 0 0 
16 1 0 0 
17 1 0 0 
18 1 0 0 
19 1 0 0 
20 1 0 0 
21 1 0 0 
22 1 0 0 
23 1 0 0 
24 1 0 0 
25 1 0 0 
26 1 0 0 
#t = 138000; extr. Ts: 
0 0 0 0 
1 0 0 0 
2 0 0 0 
3 0 0 0 
4 0 0 0 
5 0 0 0 
6 0 0 0 
7 0 0 0 
8 0 0 0 
9 0 0 0 
10 0 0 0 
11 0 0 0 
12 0 0 0 
13 0 0 0 
14 0 0 0 
15 0 0 0 
16 0 0 0 
17 0 0 0 
18 0 0 0 
19 0 0 0 
20 0 0 0 
21 0 991 21.3464 
22 0 23877 295.921 
23 0 232681 4570.53 
24 0 3.23996e+06 40099.1 
25 0 2.48316e+06 226172 
26 0 1.19528e+06 325663 
0 1 0 0 
1 1 0 0 
2 1 0 0 
3 1 0 0 
4 1 0 0 
5 1 0 0 
6 1 0 0 
7 1 0 0 
8 1 0 0 
9 1 0 0 
10 1 0 0 
11 1 0 0 
12 1 0 0 
13 1 0 0 
14 1 0 0 
15 1 0 0 
16 1 0 0 
17 1 0 0 
18 1 0 0 
19 1 0 0 
20 1 0 0 
21 1 0 0 
22 1 0 0 
23 1 0 0 
24 1 0 0 
25 1 0 0 
26 1 0 0 
#t = 140000; extr. Ts: 
0 0 0 0 
1 0 0 0 
2 0 0 0 
3 0 0 0 
4 0 0 0 
5 0 0 0 
6 0 0 0 
7 0 0 0 
8 0 0 0 
9 0 0 0 
10 0 0 0 
11 0 0 0 
12 0 0 0 
13 0 0 0 
14 0 0 0 
15 0 0 0 
16 0 0 0 
17 0 0 0 
18 0 0 0 
19 0 0 0 
20 0 0 0 
21 0 991 21.3464 
22 0 23877 295.921 
23 0 232681 4570.53 
24 0 3.2458e+06 40171.4 
25 0 2.54844e+06 232118 
26 0 1.22816e+06 334622 
0 1 0 0 
1 1 0 0 
2 1 0 0 
3 1 0 0 
4 1 0 0 
5 1 0 0 
6 1 0 0 
7 1 0 0 
8 1 0 0 
9 1 0 0 
10 1 0 0 
11 1 0 0 
12 1 0 0 
13 1 0 0 
14 1 0 0 
15 1 0 0 
16 1 0 0 
17 1 0 0 
18 1 0 0 
19 1 0 0 
20 1 0 0 
21 1 0 0 
22 1 0 0 
23 1 0 0 
24 1 0 0 
25 1 0 0 
26 1 0 0 
#t = 142000; extr. Ts: 
0 0 0 0 
1 0 0 0 
2 0 0 0 
3 0 0 0 
4 0 0 0 
5 0 0 0 
6 0 0 0 
7 0 0 0 
8 0 0 0 
9 0 0 0 
10 0 0 0 
11 0 0 0 
12 0 0 0 
13 0 0 0 
14 0 0 0 
15 0 0 0 
16 0 0 0 
17 0 0 0 
18 0 0 0 
19 0 0 0 
20 0 0 0 
21 0 991 21.3464 
22 0 34031 421.766 
23 0 249392 4898.78 
24 0 3.30172e+06 40863.4 
25 0 2.5582e+06 233007 
26 0 1.23962e+06 337746 
0 1 0 0 
1 1 0 0 
2 1 0 0 
3 1 0 0 
4 1 0 0 
5 1 0 0 
6 1 0 0 
7 1 0 0 
8 1 0 0 
9 1 0 0 
10 1 0 0 
11 1 0 0 
12 1 0 0 
13 1 0 0 
14 1 0 0 
15 1 0 0 
16 1 0 0 
17 1 0 0 
18 1 0 0 
19 1 0 0 
20 1 0 0 
21 1 0 0 
22 1 0 0 
23 1 0 0 
24 1 0 0 
25 1 0 0 
26 1 0 0 
#t = 144000; extr. Ts: 
0 0 0 0 
1 0 0 0 
2 0 0 0 
3 0 0 0 
4 0 0 0 
5 0 0 0 
6 0 0 0 
7 0 0 0 
8 0 0 0 
9 0 0 0 
10 0 0 0 
11 0 0 0 
12 0 0 0 
13 0 0 0 
14 0 0 0 
15 0 0 0 
16 0 0 0 
17 0 0 0 
18 0 0 0 
19 0 0 0 
20 0 0 0 
21 0 991 21.3464 
22 0 34031 421.766 
23 0 249392 4898.78 
24 0 3.30216e+06 40869 
25 0 2.5945e+06 236313 
26 0 1.30687e+06 356068 
0 1 0 0 
1 1 0 0 
2 1 0 0 
3 1 0 0 
4 1 0 0 
5 1 0 0 
6 1 0 0 
7 1 0 0 
8 1 0 0 
9 1 0 0 
10 1 0 0 
11 1 0 0 
12 1 0 0 
13 1 0 0 
14 1 0 0 
15 1 0 0 
16 1 0 0 
17 1 0 0 
18 1 0 0 
19 1 0 0 
20 1 0 0 
21 1 0 0 
22 1 0 0 
23 1 0 0 
24 1 0 0 
25 1 0 0 
26 1 0 0 
#t = 146000; extr. Ts: 
0 0 0 0 
1 0 0 0 
2 0 0 0 
3 0 0 0 
4 0 0 0 
5 0 0 0 
6 0 0 0 
7 0 0 0 
8 0 0 0 
9 0 0 0 
10 0 0 0 
11 0 0 0 
12 0 0 0 
13 0 0 0 
14 0 0 0 
15 0 0 0 
16 0 0 0 
17 0 0 0 
18 0 0 0 
19 0 0 0 
20 0 0 0 
21 0 991 21.3464 
22 0 34031 421.766 
23 0 251617 4942.48 
24 0 3.33799e+06 41312.3 
25 0 2.65534e+06 241856 
26 0 1.31198e+06 357458 
0 1 0 0 
1 1 0 0 
2 1 0 0 
3 1 0 0 
4 1 0 0 
5 1 0 0 
6 1 0 0 
7 1 0 0 
8 1 0 0 
9 1 0 0 
10 1 0 0 
11 1 0 0 
12 1 0 0 
13 1 0 0 
14 1 0 0 
15 1 0 0 
16 1 0 0 
17 1 0 0 
18 1 0 0 
19 1 0 0 
20 1 0 0 
21 1 0 0 
22 1 0 0 
23 1 0 0 
24 1 0 0 
25 1 0 0 
26 1 0 0 
#t = 148000; extr. Ts: 
0 0 0 0 
1 0 0 0 
2 0 0 0 
3 0 0 0 
4 0 0 0 
5 0 0 0 
6 0 0 0 
7 0 0 0 
8 0 0 0 
9 0 0 0 
10 0 0 0 
11 0 0 0 
12 0 0 0 
13 0 0 0 
14 0 0 0 
15 0 0 0 
16 0 0 0 
17 0 0 0 
18 0 0 0 
19 0 0 0 
20 0 0 0 
21 0 991 21.3464 
22 0 34031 421.766 
23 0 252781 4965.35 
24 0 3.37052e+06 41714.9 
25 0 2.69127e+06 245128 
26 0 1.34636e+06 366826 
0 1 0 0 
1 1 0 0 
2 1 0 0 
3 1 0 0 
4 1 0 0 
5 1 0 0 
6 1 0 0 
7 1 0 0 
8 1 0 0 
9 1 0 0 
10 1 0 0 
11 1 0 0 
12 1 0 0 
13 1 0 0 
14 1 0 0 
15 1 0 0 
16 1 0 0 
17 1 0 0 
18 1 0 0 
19 1 0 0 
20 1 0 0 
21 1 0 0 
22 1 0 0 
23 1 0 0 
24 1 0 0 
25 1 0 0 
26 1 0 0 
#t = 150000; extr. Ts: 
0 0 0 0 
1 0 0 0 
2 0 0 0 
3 0 0 0 
4 0 0 0 
5 0 0 0 
6 0 0 0 
7 0 0 0 
8 0 0 0 
9 0 0 0 
10 0 0 0 
11 0 0 0 
12 0 0 0 
13 0 0 0 
14 0 0 0 
15 0 0 0 
16 0 0 0 
17 0 0 0 
18 0 0 0 
19 0 0 0 
20 0 0 0 
21 0 991 21.3464 
22 0 34031 421.766 
23 0 255271 5014.26 
24 0 3.42569e+06 42397.8 
25 0 2.72026e+06 247769 
26 0 1.3637e+06 371552 
0 1 0 0 
1 1 0 0 
2 1 0 0 
3 1 0 0 
4 1 0 0 
5 1 0 0 
6 1 0 0 
7 1 0 0 
8 1 0 0 
9 1 0 0 
10 1 0 0 
11 1 0 0 
12 1 0 0 
13 1 0 0 
14 1 0 0 
15 1 0 0 
16 1 0 0 
17 1 0 0 
18 1 0 0 
19 1 0 0 
20 1 0 0 
21 1 0 0 
22 1 0 0 
23 1 0 0 
24 1 0 0 
25 1 0 0 
26 1 0 0 
#t = 152000; extr. Ts: 
0 0 0 0 
1 0 0 0 
2 0 0 0 
3 0 0 0 
4 0 0 0 
5 0 0 0 
6 0 0 0 
7 0 0 0 
8 0 0 0 
9 0 0 0 
10 0 0 0 
11 0 0 0 
12 0 0 0 
13 0 0 0 
14 0 0 0 
15 0 0 0 
16 0 0 0 
17 0 0 0 
18 0 0 0 
19 0 0 0 
20 0 0 0 
21 0 991 21.3464 
22 0 34031 421.766 
23 0 255271 5014.26 
24 0 3.43999e+06 42574.7 
25 0 2.76729e+06 252052 
26 0 1.40638e+06 383179 
0 1 0 0 
1 1 0 0 
2 1 0 0 
3 1 0 0 
4 1 0 0 
5 1 0 0 
6 1 0 0 
7 1 0 0 
8 1 0 0 
9 1 0 0 
10 1 0 0 
11 1 0 0 
12 1 0 0 
13 1 0 0 
14 1 0 0 
15 1 0 0 
16 1 0 0 
17 1 0 0 
18 1 0 0 
19 1 0 0 
20 1 0 0 
21 1 0 0 
22 1 0 0 
23 1 0 0 
24 1 0 0 
25 1 0 0 
26 1 0 0 
#t = 154000; extr. Ts: 
0 0 0 0 
1 0 0 0 
2 0 0 0 
3 0 0 0 
4 0 0 0 
5 0 0 0 
6 0 0 0 
7 0 0 0 
8 0 0 0 
9 0 0 0 
10 0 0 0 
11 0 0 0 
12 0 0 0 
13 0 0 0 
14 0 0 0 
15 0 0 0 
16 0 0 0 
17 0 0 0 
18 0 0 0 
19 0 0 0 
20 0 0 0 
21 0 991 21.3464 
22 0 34031 421.766 
23 0 255752 5023.71 
24 0 3.46652e+06 42903 
25 0 2.83018e+06 257780 
26 0 1.42048e+06 387022 
0 1 0 0 
1 1 0 0 
2 1 0 0 
3 1 0 0 
4 1 0 0 
5 1 0 0 
6 1 0 0 
7 1 0 0 
8 1 0 0 
9 1 0 0 
10 1 0 0 
11 1 0 0 
12 1 0 0 
13 1 0 0 
14 1 0 0 
15 1 0 0 
16 1 0 0 
17 1 0 0 
18 1 0 0 
19 1 0 0 
20 1 0 0 
21 1 0 0 
22 1 0 0 
23 1 0 0 
24 1 0 0 
25 1 0 0 
26 1 0 0 
#t = 156000; extr. Ts: 
0 0 0 0 
1 0 0 0 
2 0 0 0 
3 0 0 0 
4 0 0 0 
5 0 0 0 
6 0 0 0 
7 0 0 0 
8 0 0 0 
9 0 0 0 
10 0 0 0 
11 0 0 0 
12 0 0 0 
13 0 0 0 
14 0 0 0 
15 0 0 0 
16 0 0 0 
17 0 0 0 
18 0 0 0 
19 0 0 0 
20 0 0 0 
21 0 991 21.3464 
22 0 34031 421.766 
23 0 256358 5035.61 
24 0 3.49502e+06 43255.8 
25 0 2.8917e+06 263383 
26 0 1.43386e+06 390666 
0 1 0 0 
1 1 0 0 
2 1 0 0 
3 1 0 0 
4 1 0 0 
5 1 0 0 
6 1 0 0 
7 1 0 0 
8 1 0 0 
9 1 0 0 
10 1 0 0 
11 1 0 0 
12 1 0 0 
13 1 0 0 
14 1 0 0 
15 1 0 0 
16 1 0 0 
17 1 0 0 
18 1 0 0 
19 1 0 0 
20 1 0 0 
21 1 0 0 
22 1 0 0 
23 1 0 0 
24 1 0 0 
25 1 0 0 
26 1 0 0 
#t = 158000; extr. Ts: 
0 0 0 0 
1 0 0 0 
2 0 0 0 
3 0 0 0 
4 0 0 0 
5 0 0 0 
6 0 0 0 
7 0 0 0 
8 0 0 0 
9 0 0 0 
10 0 0 0 
11 0 0 0 
12 0 0 0 
13 0 0 0 
14 0 0 0 
15 0 0 0 
16 0 0 0 
17 0 0 0 
18 0 0 0 
19 0 0 0 
20 0 0 0 
21 0 991 21.3464 
22 0 34031 421.766 
23 0 256358 5035.61 
24 0 3.49572e+06 43264.6 
25 0 2.96365e+06 269937 
26 0 1.46519e+06 399203 
0 1 0 0 
1 1 0 0 
2 1 0 0 
3 1 0 0 
4 1 0 0 
5 1 0 0 
6 1 0 0 
7 1 0 0 
8 1 0 0 
9 1 0 0 
10 1 0 0 
11 1 0 0 
12 1 0 0 
13 1 0 0 
14 1 0 0 
15 1 0 0 
16 1 0 0 
17 1 0 0 
18 1 0 0 
19 1 0 0 
20 1 0 0 
21 1 0 0 
22 1 0 0 
23 1 0 0 
24 1 0 0 
25 1 0 0 
26 1 0 0 
#t = 160000; extr. Ts: 
0 0 0 0 
1 0 0 0 
2 0 0 0 
3 0 0 0 
4 0 0 0 
5 0 0 0 
6 0 0 0 
7 0 0 0 
8 0 0 0 
9 0 0 0 
10 0 0 0 
11 0 0 0 
12 0 0 0 
13 0 0 0 
14 0 0 0 
15 0 0 0 
16 0 0 0 
17 0 0 0 
18 0 0 0 
19 0 0 0 
20 0 0 0 
21 0 991 21.3464 
22 0 34031 421.766 
23 0 257092 5050.03 
24 0 3.53976e+06 43809.5 
25 0 3.0031e+06 273530 
26 0 1.48497e+06 404593 
0 1 0 0 
1 1 0 0 
2 1 0 0 
3 1 0 0 
4 1 0 0 
5 1 0 0 
6 1 0 0 
7 1 0 0 
8 1 0 0 
9 1 0 0 
10 1 0 0 
11 1 0 0 
12 1 0 0 
13 1 0 0 
14 1 0 0 
15 1 0 0 
16 1 0 0 
17 1 0 0 
18 1 0 0 
19 1 0 0 
20 1 0 0 
21 1 0 0 
22 1 0 0 
23 1 0 0 
24 1 0 0 
25 1 0 0 
26 1 0 0 
#t = 162000; extr. Ts: 
0 0 0 0 
1 0 0 0 
2 0 0 0 
3 0 0 0 
4 0 0 0 
5 0 0 0 
6 0 0 0 
7 0 0 0 
8 0 0 0 
9 0 0 0 
10 0 0 0 
11 0 0 0 
12 0 0 0 
13 0 0 0 
14 0 0 0 
15 0 0 0 
16 0 0 0 
17 0 0 0 
18 0 0 0 
19 0 0 0 
20 0 0 0 
21 0 991 21.3464 
22 0 34224 424.158 
23 0 259180 5091.04 
24 0 3.56927e+06 44174.7 
25 0 3.01675e+06 274773 
26 0 1.54354e+06 420550 
0 1 0 0 
1 1 0 0 
2 1 0 0 
3 1 0 0 
4 1 0 0 
5 1 0 0 
6 1 0 0 
7 1 0 0 
8 1 0 0 
9 1 0 0 
10 1 0 0 
11 1 0 0 
12 1 0 0 
13 1 0 0 
14 1 0 0 
15 1 0 0 
16 1 0 0 
17 1 0 0 
18 1 0 0 
19 1 0 0 
20 1 0 0 
21 1 0 0 
22 1 0 0 
23 1 0 0 
24 1 0 0 
25 1 0 0 
26 1 0 0 
#t = 164000; extr. Ts: 
0 0 0 0 
1 0 0 0 
2 0 0 0 
3 0 0 0 
4 0 0 0 
5 0 0 0 
6 0 0 0 
7 0 0 0 
8 0 0 0 
9 0 0 0 
10 0 0 0 
11 0 0 0 
12 0 0 0 
13 0 0 0 
14 0 0 0 
15 0 0 0 
16 0 0 0 
17 0 0 0 
18 0 0 0 
19 0 0 0 
20 0 0 0 
21 0 991 21.3464 
22 0 34224 424.158 
23 0 261039 5127.56 
24 0 3.5906e+06 44438.8 
25 0 3.04912e+06 277721 
26 0 1.59198e+06 433748 
0 1 0 0 
1 1 0 0 
2 1 0 0 
3 1 0 0 
4 1 0 0 
5 1 0 0 
6 1 0 0 
7 1 0 0 
8 1 0 0 
9 1 0 0 
10 1 0 0 
11 1 0 0 
12 1 0 0 
13 1 0 0 
14 1 0 0 
15 1 0 0 
16 1 0 0 
17 1 0 0 
18 1 0 0 
19 1 0 0 
20 1 0 0 
21 1 0 0 
22 1 0 0 
23 1 0 0 
24 1 0 0 
25 1 0 0 
26 1 0 0 
#t = 166000; extr. Ts: 
0 0 0 0 
1 0 0 0 
2 0 0 0 
3 0 0 0 
4 0 0 0 
5 0 0 0 
6 0 0 0 
7 0 0 0 
8 0 0 0 
9 0 0 0 
10 0 0 0 
11 0 0 0 
12 0 0 0 
13 0 0 0 
14 0 0 0 
15 0 0 0 
16 0 0 0 
17 0 0 0 
18 0 0 0 
19 0 0 0 
20 0 0 0 
21 0 991 21.3464 
22 0 34224 424.158 
23 0 261039 5127.56 
24 0 3.59331e+06 44472.3 
25 0 3.1021e+06 282547 
26 0 1.64028e+06 446909 
0 1 0 0 
1 1 0 0 
2 1 0 0 
3 1 0 0 
4 1 0 0 
5 1 0 0 
6 1 0 0 
7 1 0 0 
8 1 0 0 
9 1 0 0 
10 1 0 0 
11 1 0 0 
12 1 0 0 
13 1 0 0 
14 1 0 0 
15 1 0 0 
16 1 0 0 
17 1 0 0 
18 1 0 0 
19 1 0 0 
20 1 0 0 
21 1 0 0 
22 1 0 0 
23 1 0 0 
24 1 0 0 
25 1 0 0 
26 1 0 0 
#t = 168000; extr. Ts: 
0 0 0 0 
1 0 0 0 
2 0 0 0 
3 0 0 0 
4 0 0 0 
5 0 0 0 
6 0 0 0 
7 0 0 0 
8 0 0 0 
9 0 0 0 
10 0 0 0 
11 0 0 0 
12 0 0 0 
13 0 0 0 
14 0 0 0 
15 0 0 0 
16 0 0 0 
17 0 0 0 
18 0 0 0 
19 0 0 0 
20 0 0 0 
21 0 991 21.3464 
22 0 34224 424.158 
23 0 263083 5167.71 
24 0 3.63452e+06 44982.3 
25 0 3.1578e+06 287621 
26 0 1.64533e+06 448284 
0 1 0 0 
1 1 0 0 
2 1 0 0 
3 1 0 0 
4 1 0 0 
5 1 0 0 
6 1 0 0 
7 1 0 0 
8 1 0 0 
9 1 0 0 
10 1 0 0 
11 1 0 0 
12 1 0 0 
13 1 0 0 
14 1 0 0 
15 1 0 0 
16 1 0 0 
17 1 0 0 
18 1 0 0 
19 1 0 0 
20 1 0 0 
21 1 0 0 
22 1 0 0 
23 1 0 0 
24 1 0 0 
25 1 0 0 
26 1 0 0 
#t = 170000; extr. Ts: 
0 0 0 0 
1 0 0 0 
2 0 0 0 
3 0 0 0 
4 0 0 0 
5 0 0 0 
6 0 0 0 
7 0 0 0 
8 0 0 0 
9 0 0 0 
10 0 0 0 
11 0 0 0 
12 0 0 0 
13 0 0 0 
14 0 0 0 
15 0 0 0 
16 0 0 0 
17 0 0 0 
18 0 0 0 
19 0 0 0 
20 0 0 0 
21 0 991 21.3464 
22 0 34812 431.445 
23 0 266416 5233.18 
24 0 3.73072e+06 46173 
25 0 3.16168e+06 287973 
26 0 1.64533e+06 448284 
0 1 0 0 
1 1 0 0 
2 1 0 0 
3 1 0 0 
4 1 0 0 
5 1 0 0 
6 1 0 0 
7 1 0 0 
8 1 0 0 
9 1 0 0 
10 1 0 0 
11 1 0 0 
12 1 0 0 
13 1 0 0 
14 1 0 0 
15 1 0 0 
16 1 0 0 
17 1 0 0 
18 1 0 0 
19 1 0 0 
20 1 0 0 
21 1 0 0 
22 1 0 0 
23 1 0 0 
24 1 0 0 
25 1 0 0 
26 1 0 0 
#t = 172000; extr. Ts: 
0 0 0 0 
1 0 0 0 
2 0 0 0 
3 0 0 0 
4 0 0 0 
5 0 0 0 
6 0 0 0 
7 0 0 0 
8 0 0 0 
9 0 0 0 
10 0 0 0 
11 0 0 0 
12 0 0 0 
13 0 0 0 
14 0 0 0 
15 0 0 0 
16 0 0 0 
17 0 0 0 
18 0 0 0 
19 0 0 0 
20 0 0 0 
21 0 991 21.3464 
22 0 35014 433.949 
23 0 269523 5294.21 
24 0 3.77647e+06 46739.1 
25 0 3.2017e+06 291619 
26 0 1.66026e+06 452351 
0 1 0 0 
1 1 0 0 
2 1 0 0 
3 1 0 0 
4 1 0 0 
5 1 0 0 
6 1 0 0 
7 1 0 0 
8 1 0 0 
9 1 0 0 
10 1 0 0 
11 1 0 0 
12 1 0 0 
13 1 0 0 
14 1 0 0 
15 1 0 0 
16 1 0 0 
17 1 0 0 
18 1 0 0 
19 1 0 0 
20 1 0 0 
21 1 0 0 
22 1 0 0 
23 1 0 0 
24 1 0 0 
25 1 0 0 
26 1 0 0 
#t = 174000; extr. Ts: 
0 0 0 0 
1 0 0 0 
2 0 0 0 
3 0 0 0 
4 0 0 0 
5 0 0 0 
6 0 0 0 
7 0 0 0 
8 0 0 0 
9 0 0 0 
10 0 0 0 
11 0 0 0 
12 0 0 0 
13 0 0 0 
14 0 0 0 
15 0 0 0 
16 0 0 0 
17 0 0 0 
18 0 0 0 
19 0 0 0 
20 0 0 0 
21 0 991 21.3464 
22 0 35866 444.508 
23 0 274163 5385.35 
24 0 3.8694e+06 47889.3 
25 0 3.20728e+06 292127 
26 0 1.66026e+06 452351 
0 1 0 0 
1 1 0 0 
2 1 0 0 
3 1 0 0 
4 1 0 0 
5 1 0 0 
6 1 0 0 
7 1 0 0 
8 1 0 0 
9 1 0 0 
10 1 0 0 
11 1 0 0 
12 1 0 0 
13 1 0 0 
14 1 0 0 
15 1 0 0 
16 1 0 0 
17 1 0 0 
18 1 0 0 
19 1 0 0 
20 1 0 0 
21 1 0 0 
22 1 0 0 
23 1 0 0 
24 1 0 0 
25 1 0 0 
26 1 0 0 
#t = 176000; extr. Ts: 
0 0 0 0 
1 0 0 0 
2 0 0 0 
3 0 0 0 
4 0 0 0 
5 0 0 0 
6 0 0 0 
7 0 0 0 
8 0 0 0 
9 0 0 0 
10 0 0 0 
11 0 0 0 
12 0 0 0 
13 0 0 0 
14 0 0 0 
15 0 0 0 
16 0 0 0 
17 0 0 0 
18 0 0 0 
19 0 0 0 
20 0 0 0 
21 0 991 21.3464 
22 0 35866 444.508 
23 0 279480 5489.79 
24 0 3.9068e+06 48352.2 
25 0 3.25534e+06 296505 
26 0 1.67347e+06 455950 
0 1 0 0 
1 1 0 0 
2 1 0 0 
3 1 0 0 
4 1 0 0 
5 1 0 0 
6 1 0 0 
7 1 0 0 
8 1 0 0 
9 1 0 0 
10 1 0 0 
11 1 0 0 
12 1 0 0 
13 1 0 0 
14 1 0 0 
15 1 0 0 
16 1 0 0 
17 1 0 0 
18 1 0 0 
19 1 0 0 
20 1 0 0 
21 1 0 0 
22 1 0 0 
23 1 0 0 
24 1 0 0 
25 1 0 0 
26 1 0 0 
#t = 178000; extr. Ts: 
0 0 0 0 
1 0 0 0 
2 0 0 0 
3 0 0 0 
4 0 0 0 
5 0 0 0 
6 0 0 0 
7 0 0 0 
8 0 0 0 
9 0 0 0 
10 0 0 0 
11 0 0 0 
12 0 0 0 
13 0 0 0 
14 0 0 0 
15 0 0 0 
16 0 0 0 
17 0 0 0 
18 0 0 0 
19 0 0 0 
20 0 0 0 
21 0 991 21.3464 
22 0 35866 444.508 
23 0 279480 5489.79 
24 0 3.91968e+06 48511.6 
25 0 3.28040e+06 298788 
26 0 1.73952e+06 473947 
0 1 0 0 
1 1 0 0 
2 1 0 0 
3 1 0 0 
4 1 0 0 
5 1 0 0 
6 1 0 0 
7 1 0 0 
8 1 0 0 
9 1 0 0 
10 1 0 0 
11 1 0 0 
12 1 0 0 
13 1 0 0 
14 1 0 0 
15 1 0 0 
16 1 0 0 
17 1 0 0 
18 1 0 0 
19 1 0 0 
20 1 0 0 
21 1 0 0 
22 1 0 0 
23 1 0 0 
24 1 0 0 
25 1 0 0 
26 1 0 0 
#t = 180000; extr. Ts: 
0 0 0 0 
1 0 0 0 
2 0 0 0 
3 0 0 0 
4 0 0 0 
5 0 0 0 
6 0 0 0 
7 0 0 0 
8 0 0 0 
9 0 0 0 
10 0 0 0 
11 0 0 0 
12 0 0 0 
13 0 0 0 
14 0 0 0 
15 0 0 0 
16 0 0 0 
17 0 0 0 
18 0 0 0 
19 0 0 0 
20 0 0 0 
21 0 991 21.3464 
22 0 35866 444.508 
23 0 280727 5514.29 
24 0 3.99345e+06 49424.6 
25 0 3.30646e+06 301161 
26 0 1.74246e+06 474747 
0 1 0 0 
1 1 0 0 
2 1 0 0 
3 1 0 0 
4 1 0 0 
5 1 0 0 
6 1 0 0 
7 1 0 0 
8 1 0 0 
9 1 0 0 
10 1 0 0 
11 1 0 0 
12 1 0 0 
13 1 0 0 
14 1 0 0 
15 1 0 0 
16 1 0 0 
17 1 0 0 
18 1 0 0 
19 1 0 0 
20 1 0 0 
21 1 0 0 
22 1 0 0 
23 1 0 0 
24 1 0 0 
25 1 0 0 
26 1 0 0 
#t = 182000; extr. Ts: 
0 0 0 0 
1 0 0 0 
2 0 0 0 
3 0 0 0 
4 0 0 0 
5 0 0 0 
6 0 0 0 
7 0 0 0 
8 0 0 0 
9 0 0 0 
10 0 0 0 
11 0 0 0 
12 0 0 0 
13 0 0 0 
14 0 0 0 
15 0 0 0 
16 0 0 0 
17 0 0 0 
18 0 0 0 
19 0 0 0 
20 0 0 0 
21 0 991 21.3464 
22 0 35866 444.508 
23 0 283147 5561.82 
24 0 4.04257e+06 50032.6 
25 0 3.34096e+06 304304 
26 0 1.76040e+06 479637 
0 1 0 0 
1 1 0 0 
2 1 0 0 
3 1 0 0 
4 1 0 0 
5 1 0 0 
6 1 0 0 
7 1 0 0 
8 1 0 0 
9 1 0 0 
10 1 0 0 
11 1 0 0 
12 1 0 0 
13 1 0 0 
14 1 0 0 
15 1 0 0 
16 1 0 0 
17 1 0 0 
18 1 0 0 
19 1 0 0 
20 1 0 0 
21 1 0 0 
22 1 0 0 
23 1 0 0 
24 1 0 0 
25 1 0 0 
26 1 0 0 
#t = 184000; extr. Ts: 
0 0 0 0 
1 0 0 0 
2 0 0 0 
3 0 0 0 
4 0 0 0 
5 0 0 0 
6 0 0 0 
7 0 0 0 
8 0 0 0 
9 0 0 0 
10 0 0 0 
11 0 0 0 
12 0 0 0 
13 0 0 0 
14 0 0 0 
15 0 0 0 
16 0 0 0 
17 0 0 0 
18 0 0 0 
19 0 0 0 
20 0 0 0 
21 0 991 21.3464 
22 0 35866 444.508 
23 0 283548 5569.7 
24 0 4.05027e+06 50127.8 
25 0 3.389e+06 308679 
26 0 1.80827e+06 492679 
0 1 0 0 
1 1 0 0 
2 1 0 0 
3 1 0 0 
4 1 0 0 
5 1 0 0 
6 1 0 0 
7 1 0 0 
8 1 0 0 
9 1 0 0 
10 1 0 0 
11 1 0 0 
12 1 0 0 
13 1 0 0 
14 1 0 0 
15 1 0 0 
16 1 0 0 
17 1 0 0 
18 1 0 0 
19 1 0 0 
20 1 0 0 
21 1 0 0 
22 1 0 0 
23 1 0 0 
24 1 0 0 
25 1 0 0 
26 1 0 0 
#t = 186000; extr. Ts: 
0 0 0 0 
1 0 0 0 
2 0 0 0 
3 0 0 0 
4 0 0 0 
5 0 0 0 
6 0 0 0 
7 0 0 0 
8 0 0 0 
9 0 0 0 
10 0 0 0 
11 0 0 0 
12 0 0 0 
13 0 0 0 
14 0 0 0 
15 0 0 0 
16 0 0 0 
17 0 0 0 
18 0 0 0 
19 0 0 0 
20 0 0 0 
21 0 991 21.3464 
22 0 35873 444.595 
23 0 287989 5656.93 
24 0 4.12084e+06 51001.2 
25 0 3.4047e+06 310109 
26 0 1.82156e+06 496298 
0 1 0 0 
1 1 0 0 
2 1 0 0 
3 1 0 0 
4 1 0 0 
5 1 0 0 
6 1 0 0 
7 1 0 0 
8 1 0 0 
9 1 0 0 
10 1 0 0 
11 1 0 0 
12 1 0 0 
13 1 0 0 
14 1 0 0 
15 1 0 0 
16 1 0 0 
17 1 0 0 
18 1 0 0 
19 1 0 0 
20 1 0 0 
21 1 0 0 
22 1 0 0 
23 1 0 0 
24 1 0 0 
25 1 0 0 
26 1 0 0 
#t = 188000; extr. Ts: 
0 0 0 0 
1 0 0 0 
2 0 0 0 
3 0 0 0 
4 0 0 0 
5 0 0 0 
6 0 0 0 
7 0 0 0 
8 0 0 0 
9 0 0 0 
10 0 0 0 
11 0 0 0 
12 0 0 0 
13 0 0 0 
14 0 0 0 
15 0 0 0 
16 0 0 0 
17 0 0 0 
18 0 0 0 
19 0 0 0 
20 0 0 0 
21 0 991 21.3464 
22 0 35873 444.595 
23 0 287989 5656.93 
24 0 4.12175e+06 51012.5 
25 0 3.45663e+06 314839 
26 0 1.87272e+06 510238 
0 1 0 0 
1 1 0 0 
2 1 0 0 
3 1 0 0 
4 1 0 0 
5 1 0 0 
6 1 0 0 
7 1 0 0 
8 1 0 0 
9 1 0 0 
10 1 0 0 
11 1 0 0 
12 1 0 0 
13 1 0 0 
14 1 0 0 
15 1 0 0 
16 1 0 0 
17 1 0 0 
18 1 0 0 
19 1 0 0 
20 1 0 0 
21 1 0 0 
22 1 0 0 
23 1 0 0 
24 1 0 0 
25 1 0 0 
26 1 0 0 
#t = 190000; extr. Ts: 
0 0 0 0 
1 0 0 0 
2 0 0 0 
3 0 0 0 
4 0 0 0 
5 0 0 0 
6 0 0 0 
7 0 0 0 
8 0 0 0 
9 0 0 0 
10 0 0 0 
11 0 0 0 
12 0 0 0 
13 0 0 0 
14 0 0 0 
15 0 0 0 
16 0 0 0 
17 0 0 0 
18 0 0 0 
19 0 0 0 
20 0 0 0 
21 0 991 21.3464 
22 0 35873 444.595 
23 0 288728 5671.45 
24 0 4.17414e+06 51660.9 
25 0 3.5036e+06 319117 
26 0 1.87662e+06 511300 
0 1 0 0 
1 1 0 0 
2 1 0 0 
3 1 0 0 
4 1 0 0 
5 1 0 0 
6 1 0 0 
7 1 0 0 
8 1 0 0 
9 1 0 0 
10 1 0 0 
11 1 0 0 
12 1 0 0 
13 1 0 0 
14 1 0 0 
15 1 0 0 
16 1 0 0 
17 1 0 0 
18 1 0 0 
19 1 0 0 
20 1 0 0 
21 1 0 0 
22 1 0 0 
23 1 0 0 
24 1 0 0 
25 1 0 0 
26 1 0 0 
#t = 192000; extr. Ts: 
0 0 0 0 
1 0 0 0 
2 0 0 0 
3 0 0 0 
4 0 0 0 
5 0 0 0 
6 0 0 0 
7 0 0 0 
8 0 0 0 
9 0 0 0 
10 0 0 0 
11 0 0 0 
12 0 0 0 
13 0 0 0 
14 0 0 0 
15 0 0 0 
16 0 0 0 
17 0 0 0 
18 0 0 0 
19 0 0 0 
20 0 0 0 
21 0 991 21.3464 
22 0 35873 444.595 
23 0 291176 5719.54 
24 0 4.22903e+06 52340.3 
25 0 3.54177e+06 322593 
26 0 1.88511e+06 513613 
0 1 0 0 
1 1 0 0 
2 1 0 0 
3 1 0 0 
4 1 0 0 
5 1 0 0 
6 1 0 0 
7 1 0 0 
8 1 0 0 
9 1 0 0 
10 1 0 0 
11 1 0 0 
12 1 0 0 
13 1 0 0 
14 1 0 0 
15 1 0 0 
16 1 0 0 
17 1 0 0 
18 1 0 0 
19 1 0 0 
20 1 0 0 
21 1 0 0 
22 1 0 0 
23 1 0 0 
24 1 0 0 
25 1 0 0 
26 1 0 0 
#t = 194000; extr. Ts: 
0 0 0 0 
1 0 0 0 
2 0 0 0 
3 0 0 0 
4 0 0 0 
5 0 0 0 
6 0 0 0 
7 0 0 0 
8 0 0 0 
9 0 0 0 
10 0 0 0 
11 0 0 0 
12 0 0 0 
13 0 0 0 
14 0 0 0 
15 0 0 0 
16 0 0 0 
17 0 0 0 
18 0 0 0 
19 0 0 0 
20 0 0 0 
21 0 991 21.3464 
22 0 35873 444.595 
23 0 310028 6089.84 
24 0 4.30274e+06 53252.6 
25 0 3.5532e+06 323635 
26 0 1.88511e+06 513613 
0 1 0 0 
1 1 0 0 
2 1 0 0 
3 1 0 0 
4 1 0 0 
5 1 0 0 
6 1 0 0 
7 1 0 0 
8 1 0 0 
9 1 0 0 
10 1 0 0 
11 1 0 0 
12 1 0 0 
13 1 0 0 
14 1 0 0 
15 1 0 0 
16 1 0 0 
17 1 0 0 
18 1 0 0 
19 1 0 0 
20 1 0 0 
21 1 0 0 
22 1 0 0 
23 1 0 0 
24 1 0 0 
25 1 0 0 
26 1 0 0 
#t = 196000; extr. Ts: 
0 0 0 0 
1 0 0 0 
2 0 0 0 
3 0 0 0 
4 0 0 0 
5 0 0 0 
6 0 0 0 
7 0 0 0 
8 0 0 0 
9 0 0 0 
10 0 0 0 
11 0 0 0 
12 0 0 0 
13 0 0 0 
14 0 0 0 
15 0 0 0 
16 0 0 0 
17 0 0 0 
18 0 0 0 
19 0 0 0 
20 0 0 0 
21 0 991 21.3464 
22 0 35873 444.595 
23 0 322937 6343.41 
24 0 4.33617e+06 53666.2 
25 0 3.60588e+06 328432 
26 0 1.8901e+06 514974 
0 1 0 0 
1 1 0 0 
2 1 0 0 
3 1 0 0 
4 1 0 0 
5 1 0 0 
6 1 0 0 
7 1 0 0 
8 1 0 0 
9 1 0 0 
10 1 0 0 
11 1 0 0 
12 1 0 0 
13 1 0 0 
14 1 0 0 
15 1 0 0 
16 1 0 0 
17 1 0 0 
18 1 0 0 
19 1 0 0 
20 1 0 0 
21 1 0 0 
22 1 0 0 
23 1 0 0 
24 1 0 0 
25 1 0 0 
26 1 0 0 
#t = 198000; extr. Ts: 
0 0 0 0 
1 0 0 0 
2 0 0 0 
3 0 0 0 
4 0 0 0 
5 0 0 0 
6 0 0 0 
7 0 0 0 
8 0 0 0 
9 0 0 0 
10 0 0 0 
11 0 0 0 
12 0 0 0 
13 0 0 0 
14 0 0 0 
15 0 0 0 
16 0 0 0 
17 0 0 0 
18 0 0 0 
19 0 0 0 
20 0 0 0 
21 0 991 21.3464 
22 0 35873 444.595 
23 0 324458 6373.29 
24 0 4.36351e+06 54004.6 
25 0 3.64543e+06 332035 
26 0 1.92569e+06 524670 
0 1 0 0 
1 1 0 0 
2 1 0 0 
3 1 0 0 
4 1 0 0 
5 1 0 0 
6 1 0 0 
7 1 0 0 
8 1 0 0 
9 1 0 0 
10 1 0 0 
11 1 0 0 
12 1 0 0 
13 1 0 0 
14 1 0 0 
15 1 0 0 
16 1 0 0 
17 1 0 0 
18 1 0 0 
19 1 0 0 
20 1 0 0 
21 1 0 0 
22 1 0 0 
23 1 0 0 
24 1 0 0 
25 1 0 0 
26 1 0 0 
#t = 200000; extr. Ts: 
0 0 0 0 
1 0 0 0 
2 0 0 0 
3 0 0 0 
4 0 0 0 
5 0 0 0 
6 0 0 0 
7 0 0 0 
8 0 0 0 
9 0 0 0 
10 0 0 0 
11 0 0 0 
12 0 0 0 
13 0 0 0 
14 0 0 0 
15 0 0 0 
16 0 0 0 
17 0 0 0 
18 0 0 0 
19 0 0 0 
20 0 0 0 
21 0 991 21.3464 
22 0 35873 444.595 
23 0 324815 6380.3 
24 0 4.4262e+06 54780.4 
25 0 3.67736e+06 334943 
26 0 1.93472e+06 527130 
0 1 0 0 
1 1 0 0 
2 1 0 0 
3 1 0 0 
4 1 0 0 
5 1 0 0 
6 1 0 0 
7 1 0 0 
8 1 0 0 
9 1 0 0 
10 1 0 0 
11 1 0 0 
12 1 0 0 
13 1 0 0 
14 1 0 0 
15 1 0 0 
16 1 0 0 
17 1 0 0 
18 1 0 0 
19 1 0 0 
20 1 0 0 
21 1 0 0 
22 1 0 0 
23 1 0 0 
24 1 0 0 
25 1 0 0 
26 1 0 0 
#t = 202000; extr. Ts: 
0 0 0 0 
1 0 0 0 
2 0 0 0 
3 0 0 0 
4 0 0 0 
5 0 0 0 
6 0 0 0 
7 0 0 0 
8 0 0 0 
9 0 0 0 
10 0 0 0 
11 0 0 0 
12 0 0 0 
13 0 0 0 
14 0 0 0 
15 0 0 0 
16 0 0 0 
17 0 0 0 
18 0 0 0 
19 0 0 0 
20 0 0 0 
21 0 991 21.3464 
22 0 35873 444.595 
23 0 324815 6380.3 
24 0 4.44623e+06 55028.4 
25 0 3.73744e+06 340415 
26 0 1.9586e+06 533637 
0 1 0 0 
1 1 0 0 
2 1 0 0 
3 1 0 0 
4 1 0 0 
5 1 0 0 
6 1 0 0 
7 1 0 0 
8 1 0 0 
9 1 0 0 
10 1 0 0 
11 1 0 0 
12 1 0 0 
13 1 0 0 
14 1 0 0 
15 1 0 0 
16 1 0 0 
17 1 0 0 
18 1 0 0 
19 1 0 0 
20 1 0 0 
21 1 0 0 
22 1 0 0 
23 1 0 0 
24 1 0 0 
25 1 0 0 
26 1 0 0 
#t = 204000; extr. Ts: 
0 0 0 0 
1 0 0 0 
2 0 0 0 
3 0 0 0 
4 0 0 0 
5 0 0 0 
6 0 0 0 
7 0 0 0 
8 0 0 0 
9 0 0 0 
10 0 0 0 
11 0 0 0 
12 0 0 0 
13 0 0 0 
14 0 0 0 
15 0 0 0 
16 0 0 0 
17 0 0 0 
18 0 0 0 
19 0 0 0 
20 0 0 0 
21 0 991 21.3464 
22 0 35873 444.595 
23 0 324815 6380.3 
24 0 4.4761e+06 55398 
25 0 3.79235e+06 345417 
26 0 1.97782e+06 538874 
0 1 0 0 
1 1 0 0 
2 1 0 0 
3 1 0 0 
4 1 0 0 
5 1 0 0 
6 1 0 0 
7 1 0 0 
8 1 0 0 
9 1 0 0 
10 1 0 0 
11 1 0 0 
12 1 0 0 
13 1 0 0 
14 1 0 0 
15 1 0 0 
16 1 0 0 
17 1 0 0 
18 1 0 0 
19 1 0 0 
20 1 0 0 
21 1 0 0 
22 1 0 0 
23 1 0 0 
24 1 0 0 
25 1 0 0 
26 1 0 0 
#t = 206000; extr. Ts: 
0 0 0 0 
1 0 0 0 
2 0 0 0 
3 0 0 0 
4 0 0 0 
5 0 0 0 
6 0 0 0 
7 0 0 0 
8 0 0 0 
9 0 0 0 
10 0 0 0 
11 0 0 0 
12 0 0 0 
13 0 0 0 
14 0 0 0 
15 0 0 0 
16 0 0 0 
17 0 0 0 
18 0 0 0 
19 0 0 0 
20 0 0 0 
21 0 991 21.3464 
22 0 36790 455.96 
23 0 330831 6498.47 
24 0 4.525e+06 56003.2 
25 0 3.81881e+06 347827 
26 0 1.99953e+06 544788 
0 1 0 0 
1 1 0 0 
2 1 0 0 
3 1 0 0 
4 1 0 0 
5 1 0 0 
6 1 0 0 
7 1 0 0 
8 1 0 0 
9 1 0 0 
10 1 0 0 
11 1 0 0 
12 1 0 0 
13 1 0 0 
14 1 0 0 
15 1 0 0 
16 1 0 0 
17 1 0 0 
18 1 0 0 
19 1 0 0 
20 1 0 0 
21 1 0 0 
22 1 0 0 
23 1 0 0 
24 1 0 0 
25 1 0 0 
26 1 0 0 
#t = 208000; extr. Ts: 
0 0 0 0 
1 0 0 0 
2 0 0 0 
3 0 0 0 
4 0 0 0 
5 0 0 0 
6 0 0 0 
7 0 0 0 
8 0 0 0 
9 0 0 0 
10 0 0 0 
11 0 0 0 
12 0 0 0 
13 0 0 0 
14 0 0 0 
15 0 0 0 
16 0 0 0 
17 0 0 0 
18 0 0 0 
19 0 0 0 
20 0 0 0 
21 0 991 21.3464 
22 0 46551 576.933 
23 0 346165 6799.68 
24 0 4.6039e+06 56979.8 
25 0 3.81881e+06 347827 
26 0 1.99953e+06 544788 
0 1 0 0 
1 1 0 0 
2 1 0 0 
3 1 0 0 
4 1 0 0 
5 1 0 0 
6 1 0 0 
7 1 0 0 
8 1 0 0 
9 1 0 0 
10 1 0 0 
11 1 0 0 
12 1 0 0 
13 1 0 0 
14 1 0 0 
15 1 0 0 
16 1 0 0 
17 1 0 0 
18 1 0 0 
19 1 0 0 
20 1 0 0 
21 1 0 0 
22 1 0 0 
23 1 0 0 
24 1 0 0 
25 1 0 0 
26 1 0 0 
#t = 210000; extr. Ts: 
0 0 0 0 
1 0 0 0 
2 0 0 0 
3 0 0 0 
4 0 0 0 
5 0 0 0 
6 0 0 0 
7 0 0 0 
8 0 0 0 
9 0 0 0 
10 0 0 0 
11 0 0 0 
12 0 0 0 
13 0 0 0 
14 0 0 0 
15 0 0 0 
16 0 0 0 
17 0 0 0 
18 0 0 0 
19 0 0 0 
20 0 0 0 
21 0 991 21.3464 
22 0 49556 614.176 
23 0 367048 7209.88 
24 0 4.68401e+06 57971.3 
25 0 3.81881e+06 347827 
26 0 1.99953e+06 544788 
0 1 0 0 
1 1 0 0 
2 1 0 0 
3 1 0 0 
4 1 0 0 
5 1 0 0 
6 1 0 0 
7 1 0 0 
8 1 0 0 
9 1 0 0 
10 1 0 0 
11 1 0 0 
12 1 0 0 
13 1 0 0 
14 1 0 0 
15 1 0 0 
16 1 0 0 
17 1 0 0 
18 1 0 0 
19 1 0 0 
20 1 0 0 
21 1 0 0 
22 1 0 0 
23 1 0 0 
24 1 0 0 
25 1 0 0 
26 1 0 0 
#t = 212000; extr. Ts: 
0 0 0 0 
1 0 0 0 
2 0 0 0 
3 0 0 0 
4 0 0 0 
5 0 0 0 
6 0 0 0 
7 0 0 0 
8 0 0 0 
9 0 0 0 
10 0 0 0 
11 0 0 0 
12 0 0 0 
13 0 0 0 
14 0 0 0 
15 0 0 0 
16 0 0 0 
17 0 0 0 
18 0 0 0 
19 0 0 0 
20 0 0 0 
21 0 991 21.3464 
22 0 56786 703.782 
23 0 394798 7754.97 
24 0 4.75303e+06 58825.5 
25 0 3.81881e+06 347827 
26 0 1.99953e+06 544788 
0 1 0 0 
1 1 0 0 
2 1 0 0 
3 1 0 0 
4 1 0 0 
5 1 0 0 
6 1 0 0 
7 1 0 0 
8 1 0 0 
9 1 0 0 
10 1 0 0 
11 1 0 0 
12 1 0 0 
13 1 0 0 
14 1 0 0 
15 1 0 0 
16 1 0 0 
17 1 0 0 
18 1 0 0 
19 1 0 0 
20 1 0 0 
21 1 0 0 
22 1 0 0 
23 1 0 0 
24 1 0 0 
25 1 0 0 
26 1 0 0 
#t = 214000; extr. Ts: 
0 0 0 0 
1 0 0 0 
2 0 0 0 
3 0 0 0 
4 0 0 0 
5 0 0 0 
6 0 0 0 
7 0 0 0 
8 0 0 0 
9 0 0 0 
10 0 0 0 
11 0 0 0 
12 0 0 0 
13 0 0 0 
14 0 0 0 
15 0 0 0 
16 0 0 0 
17 0 0 0 
18 0 0 0 
19 0 0 0 
20 0 0 0 
21 0 991 21.3464 
22 0 58916 730.18 
23 0 409742 8048.51 
24 0 4.83996e+06 59901.3 
25 0 3.81881e+06 347827 
26 0 1.99953e+06 544788 
0 1 0 0 
1 1 0 0 
2 1 0 0 
3 1 0 0 
4 1 0 0 
5 1 0 0 
6 1 0 0 
7 1 0 0 
8 1 0 0 
9 1 0 0 
10 1 0 0 
11 1 0 0 
12 1 0 0 
13 1 0 0 
14 1 0 0 
15 1 0 0 
16 1 0 0 
17 1 0 0 
18 1 0 0 
19 1 0 0 
20 1 0 0 
21 1 0 0 
22 1 0 0 
23 1 0 0 
24 1 0 0 
25 1 0 0 
26 1 0 0 
#t = 216000; extr. Ts: 
0 0 0 0 
1 0 0 0 
2 0 0 0 
3 0 0 0 
4 0 0 0 
5 0 0 0 
6 0 0 0 
7 0 0 0 
8 0 0 0 
9 0 0 0 
10 0 0 0 
11 0 0 0 
12 0 0 0 
13 0 0 0 
14 0 0 0 
15 0 0 0 
16 0 0 0 
17 0 0 0 
18 0 0 0 
19 0 0 0 
20 0 0 0 
21 0 991 21.3464 
22 0 58916 730.18 
23 0 414627 8144.47 
24 0 4.90781e+06 60741.1 
25 0 3.85008e+06 350675 
26 0 1.99953e+06 544788 
0 1 0 0 
1 1 0 0 
2 1 0 0 
3 1 0 0 
4 1 0 0 
5 1 0 0 
6 1 0 0 
7 1 0 0 
8 1 0 0 
9 1 0 0 
10 1 0 0 
11 1 0 0 
12 1 0 0 
13 1 0 0 
14 1 0 0 
15 1 0 0 
16 1 0 0 
17 1 0 0 
18 1 0 0 
19 1 0 0 
20 1 0 0 
21 1 0 0 
22 1 0 0 
23 1 0 0 
24 1 0 0 
25 1 0 0 
26 1 0 0 
#t = 218000; extr. Ts: 
0 0 0 0 
1 0 0 0 
2 0 0 0 
3 0 0 0 
4 0 0 0 
5 0 0 0 
6 0 0 0 
7 0 0 0 
8 0 0 0 
9 0 0 0 
10 0 0 0 
11 0 0 0 
12 0 0 0 
13 0 0 0 
14 0 0 0 
15 0 0 0 
16 0 0 0 
17 0 0 0 
18 0 0 0 
19 0 0 0 
20 0 0 0 
21 0 991 21.3464 
22 0 60935 755.203 
23 0 424467 8337.76 
24 0 4.99377e+06 61805 
25 0 3.85625e+06 351237 
26 0 1.99953e+06 544788 
0 1 0 0 
1 1 0 0 
2 1 0 0 
3 1 0 0 
4 1 0 0 
5 1 0 0 
6 1 0 0 
7 1 0 0 
8 1 0 0 
9 1 0 0 
10 1 0 0 
11 1 0 0 
12 1 0 0 
13 1 0 0 
14 1 0 0 
15 1 0 0 
16 1 0 0 
17 1 0 0 
18 1 0 0 
19 1 0 0 
20 1 0 0 
21 1 0 0 
22 1 0 0 
23 1 0 0 
24 1 0 0 
25 1 0 0 
26 1 0 0 
#t = 220000; extr. Ts: 
0 0 0 0 
1 0 0 0 
2 0 0 0 
3 0 0 0 
4 0 0 0 
5 0 0 0 
6 0 0 0 
7 0 0 0 
8 0 0 0 
9 0 0 0 
10 0 0 0 
11 0 0 0 
12 0 0 0 
13 0 0 0 
14 0 0 0 
15 0 0 0 
16 0 0 0 
17 0 0 0 
18 0 0 0 
19 0 0 0 
20 0 0 0 
21 0 991 21.3464 
22 0 60935 755.203 
23 0 434998 8544.61 
24 0 5.01827e+06 62108.2 
25 0 3.92523e+06 357520 
26 0 1.99953e+06 544788 
0 1 0 0 
1 1 0 0 
2 1 0 0 
3 1 0 0 
4 1 0 0 
5 1 0 0 
6 1 0 0 
7 1 0 0 
8 1 0 0 
9 1 0 0 
10 1 0 0 
11 1 0 0 
12 1 0 0 
13 1 0 0 
14 1 0 0 
15 1 0 0 
16 1 0 0 
17 1 0 0 
18 1 0 0 
19 1 0 0 
20 1 0 0 
21 1 0 0 
22 1 0 0 
23 1 0 0 
24 1 0 0 
25 1 0 0 
26 1 0 0 
#t = 222000; extr. Ts: 
0 0 0 0 
1 0 0 0 
2 0 0 0 
3 0 0 0 
4 0 0 0 
5 0 0 0 
6 0 0 0 
7 0 0 0 
8 0 0 0 
9 0 0 0 
10 0 0 0 
11 0 0 0 
12 0 0 0 
13 0 0 0 
14 0 0 0 
15 0 0 0 
16 0 0 0 
17 0 0 0 
18 0 0 0 
19 0 0 0 
20 0 0 0 
21 0 991 21.3464 
22 0 60935 755.203 
23 0 435183 8548.25 
24 0 5.04784e+06 62474.2 
25 0 3.99947e+06 364282 
26 0 1.99953e+06 544788 
0 1 0 0 
1 1 0 0 
2 1 0 0 
3 1 0 0 
4 1 0 0 
5 1 0 0 
6 1 0 0 
7 1 0 0 
8 1 0 0 
9 1 0 0 
10 1 0 0 
11 1 0 0 
12 1 0 0 
13 1 0 0 
14 1 0 0 
15 1 0 0 
16 1 0 0 
17 1 0 0 
18 1 0 0 
19 1 0 0 
20 1 0 0 
21 1 0 0 
22 1 0 0 
23 1 0 0 
24 1 0 0 
25 1 0 0 
26 1 0 0 
#t = 224000; extr. Ts: 
0 0 0 0 
1 0 0 0 
2 0 0 0 
3 0 0 0 
4 0 0 0 
5 0 0 0 
6 0 0 0 
7 0 0 0 
8 0 0 0 
9 0 0 0 
10 0 0 0 
11 0 0 0 
12 0 0 0 
13 0 0 0 
14 0 0 0 
15 0 0 0 
16 0 0 0 
17 0 0 0 
18 0 0 0 
19 0 0 0 
20 0 0 0 
21 0 991 21.3464 
22 0 60935 755.203 
23 0 435310 8550.74 
24 0 5.06627e+06 62702.3 
25 0 4.08491e+06 372064 
26 0 1.99953e+06 544788 
0 1 0 0 
1 1 0 0 
2 1 0 0 
3 1 0 0 
4 1 0 0 
5 1 0 0 
6 1 0 0 
7 1 0 0 
8 1 0 0 
9 1 0 0 
10 1 0 0 
11 1 0 0 
12 1 0 0 
13 1 0 0 
14 1 0 0 
15 1 0 0 
16 1 0 0 
17 1 0 0 
18 1 0 0 
19 1 0 0 
20 1 0 0 
21 1 0 0 
22 1 0 0 
23 1 0 0 
24 1 0 0 
25 1 0 0 
26 1 0 0 
#t = 226000; extr. Ts: 
0 0 0 0 
1 0 0 0 
2 0 0 0 
3 0 0 0 
4 0 0 0 
5 0 0 0 
6 0 0 0 
7 0 0 0 
8 0 0 0 
9 0 0 0 
10 0 0 0 
11 0 0 0 
12 0 0 0 
13 0 0 0 
14 0 0 0 
15 0 0 0 
16 0 0 0 
17 0 0 0 
18 0 0 0 
19 0 0 0 
20 0 0 0 
21 0 991 21.3464 
22 0 60935 755.203 
23 0 435310 8550.74 
24 0 5.08495e+06 62933.5 
25 0 4.17023e+06 379836 
26 0 1.99953e+06 544788 
0 1 0 0 
1 1 0 0 
2 1 0 0 
3 1 0 0 
4 1 0 0 
5 1 0 0 
6 1 0 0 
7 1 0 0 
8 1 0 0 
9 1 0 0 
10 1 0 0 
11 1 0 0 
12 1 0 0 
13 1 0 0 
14 1 0 0 
15 1 0 0 
16 1 0 0 
17 1 0 0 
18 1 0 0 
19 1 0 0 
20 1 0 0 
21 1 0 0 
22 1 0 0 
23 1 0 0 
24 1 0 0 
25 1 0 0 
26 1 0 0 
#t = 228000; extr. Ts: 
0 0 0 0 
1 0 0 0 
2 0 0 0 
3 0 0 0 
4 0 0 0 
5 0 0 0 
6 0 0 0 
7 0 0 0 
8 0 0 0 
9 0 0 0 
10 0 0 0 
11 0 0 0 
12 0 0 0 
13 0 0 0 
14 0 0 0 
15 0 0 0 
16 0 0 0 
17 0 0 0 
18 0 0 0 
19 0 0 0 
20 0 0 0 
21 0 991 21.3464 
22 0 60935 755.203 
23 0 435914 8562.61 
24 0 5.13866e+06 63598.2 
25 0 4.21017e+06 383473 
26 0 2.00928e+06 547444 
0 1 0 0 
1 1 0 0 
2 1 0 0 
3 1 0 0 
4 1 0 0 
5 1 0 0 
6 1 0 0 
7 1 0 0 
8 1 0 0 
9 1 0 0 
10 1 0 0 
11 1 0 0 
12 1 0 0 
13 1 0 0 
14 1 0 0 
15 1 0 0 
16 1 0 0 
17 1 0 0 
18 1 0 0 
19 1 0 0 
20 1 0 0 
21 1 0 0 
22 1 0 0 
23 1 0 0 
24 1 0 0 
25 1 0 0 
26 1 0 0 
#t = 230000; extr. Ts: 
0 0 0 0 
1 0 0 0 
2 0 0 0 
3 0 0 0 
4 0 0 0 
5 0 0 0 
6 0 0 0 
7 0 0 0 
8 0 0 0 
9 0 0 0 
10 0 0 0 
11 0 0 0 
12 0 0 0 
13 0 0 0 
14 0 0 0 
15 0 0 0 
16 0 0 0 
17 0 0 0 
18 0 0 0 
19 0 0 0 
20 0 0 0 
21 0 991 21.3464 
22 0 60935 755.203 
23 0 435914 8562.61 
24 0 5.18282e+06 64144.8 
25 0 4.26124e+06 388124 
26 0 2.01805e+06 549834 
0 1 0 0 
1 1 0 0 
2 1 0 0 
3 1 0 0 
4 1 0 0 
5 1 0 0 
6 1 0 0 
7 1 0 0 
8 1 0 0 
9 1 0 0 
10 1 0 0 
11 1 0 0 
12 1 0 0 
13 1 0 0 
14 1 0 0 
15 1 0 0 
16 1 0 0 
17 1 0 0 
18 1 0 0 
19 1 0 0 
20 1 0 0 
21 1 0 0 
22 1 0 0 
23 1 0 0 
24 1 0 0 
25 1 0 0 
26 1 0 0 
#t = 232000; extr. Ts: 
0 0 0 0 
1 0 0 0 
2 0 0 0 
3 0 0 0 
4 0 0 0 
5 0 0 0 
6 0 0 0 
7 0 0 0 
8 0 0 0 
9 0 0 0 
10 0 0 0 
11 0 0 0 
12 0 0 0 
13 0 0 0 
14 0 0 0 
15 0 0 0 
16 0 0 0 
17 0 0 0 
18 0 0 0 
19 0 0 0 
20 0 0 0 
21 0 991 21.3464 
22 0 60935 755.203 
23 0 435914 8562.61 
24 0 5.22616e+06 64681.1 
25 0 4.31841e+06 393332 
26 0 2.02154e+06 550787 
0 1 0 0 
1 1 0 0 
2 1 0 0 
3 1 0 0 
4 1 0 0 
5 1 0 0 
6 1 0 0 
7 1 0 0 
8 1 0 0 
9 1 0 0 
10 1 0 0 
11 1 0 0 
12 1 0 0 
13 1 0 0 
14 1 0 0 
15 1 0 0 
16 1 0 0 
17 1 0 0 
18 1 0 0 
19 1 0 0 
20 1 0 0 
21 1 0 0 
22 1 0 0 
23 1 0 0 
24 1 0 0 
25 1 0 0 
26 1 0 0 
#t = 234000; extr. Ts: 
0 0 0 0 
1 0 0 0 
2 0 0 0 
3 0 0 0 
4 0 0 0 
5 0 0 0 
6 0 0 0 
7 0 0 0 
8 0 0 0 
9 0 0 0 
10 0 0 0 
11 0 0 0 
12 0 0 0 
13 0 0 0 
14 0 0 0 
15 0 0 0 
16 0 0 0 
17 0 0 0 
18 0 0 0 
19 0 0 0 
20 0 0 0 
21 0 991 21.3464 
22 0 60935 755.203 
23 0 436138 8567.01 
24 0 5.24731e+06 64942.9 
25 0 4.37644e+06 398617 
26 0 2.04614e+06 557488 
0 1 0 0 
1 1 0 0 
2 1 0 0 
3 1 0 0 
4 1 0 0 
5 1 0 0 
6 1 0 0 
7 1 0 0 
8 1 0 0 
9 1 0 0 
10 1 0 0 
11 1 0 0 
12 1 0 0 
13 1 0 0 
14 1 0 0 
15 1 0 0 
16 1 0 0 
17 1 0 0 
18 1 0 0 
19 1 0 0 
20 1 0 0 
21 1 0 0 
22 1 0 0 
23 1 0 0 
24 1 0 0 
25 1 0 0 
26 1 0 0 
#t = 236000; extr. Ts: 
0 0 0 0 
1 0 0 0 
2 0 0 0 
3 0 0 0 
4 0 0 0 
5 0 0 0 
6 0 0 0 
7 0 0 0 
8 0 0 0 
9 0 0 0 
10 0 0 0 
11 0 0 0 
12 0 0 0 
13 0 0 0 
14 0 0 0 
15 0 0 0 
16 0 0 0 
17 0 0 0 
18 0 0 0 
19 0 0 0 
20 0 0 0 
21 0 991 21.3464 
22 0 60935 755.203 
23 0 436141 8567.07 
24 0 5.27275e+06 65257.7 
25 0 4.43013e+06 403507 
26 0 2.071e+06 564262 
0 1 0 0 
1 1 0 0 
2 1 0 0 
3 1 0 0 
4 1 0 0 
5 1 0 0 
6 1 0 0 
7 1 0 0 
8 1 0 0 
9 1 0 0 
10 1 0 0 
11 1 0 0 
12 1 0 0 
13 1 0 0 
14 1 0 0 
15 1 0 0 
16 1 0 0 
17 1 0 0 
18 1 0 0 
19 1 0 0 
20 1 0 0 
21 1 0 0 
22 1 0 0 
23 1 0 0 
24 1 0 0 
25 1 0 0 
26 1 0 0 
#t = 238000; extr. Ts: 
0 0 0 0 
1 0 0 0 
2 0 0 0 
3 0 0 0 
4 0 0 0 
5 0 0 0 
6 0 0 0 
7 0 0 0 
8 0 0 0 
9 0 0 0 
10 0 0 0 
11 0 0 0 
12 0 0 0 
13 0 0 0 
14 0 0 0 
15 0 0 0 
16 0 0 0 
17 0 0 0 
18 0 0 0 
19 0 0 0 
20 0 0 0 
21 0 991 21.3464 
22 0 61668 764.287 
23 0 440273 8648.23 
24 0 5.36093e+06 66349.1 
25 0 4.44108e+06 404505 
26 0 2.071e+06 564262 
0 1 0 0 
1 1 0 0 
2 1 0 0 
3 1 0 0 
4 1 0 0 
5 1 0 0 
6 1 0 0 
7 1 0 0 
8 1 0 0 
9 1 0 0 
10 1 0 0 
11 1 0 0 
12 1 0 0 
13 1 0 0 
14 1 0 0 
15 1 0 0 
16 1 0 0 
17 1 0 0 
18 1 0 0 
19 1 0 0 
20 1 0 0 
21 1 0 0 
22 1 0 0 
23 1 0 0 
24 1 0 0 
25 1 0 0 
26 1 0 0 
#t = 240000; extr. Ts: 
0 0 0 0 
1 0 0 0 
2 0 0 0 
3 0 0 0 
4 0 0 0 
5 0 0 0 
6 0 0 0 
7 0 0 0 
8 0 0 0 
9 0 0 0 
10 0 0 0 
11 0 0 0 
12 0 0 0 
13 0 0 0 
14 0 0 0 
15 0 0 0 
16 0 0 0 
17 0 0 0 
18 0 0 0 
19 0 0 0 
20 0 0 0 
21 0 991 21.3464 
22 0 61668 764.287 
23 0 446816 8776.75 
24 0 5.45639e+06 67530.6 
25 0 4.44308e+06 404687 
26 0 2.071e+06 564262 
0 1 0 0 
1 1 0 0 
2 1 0 0 
3 1 0 0 
4 1 0 0 
5 1 0 0 
6 1 0 0 
7 1 0 0 
8 1 0 0 
9 1 0 0 
10 1 0 0 
11 1 0 0 
12 1 0 0 
13 1 0 0 
14 1 0 0 
15 1 0 0 
16 1 0 0 
17 1 0 0 
18 1 0 0 
19 1 0 0 
20 1 0 0 
21 1 0 0 
22 1 0 0 
23 1 0 0 
24 1 0 0 
25 1 0 0 
26 1 0 0 
#t = 242000; extr. Ts: 
0 0 0 0 
1 0 0 0 
2 0 0 0 
3 0 0 0 
4 0 0 0 
5 0 0 0 
6 0 0 0 
7 0 0 0 
8 0 0 0 
9 0 0 0 
10 0 0 0 
11 0 0 0 
12 0 0 0 
13 0 0 0 
14 0 0 0 
15 0 0 0 
16 0 0 0 
17 0 0 0 
18 0 0 0 
19 0 0 0 
20 0 0 0 
21 0 991 21.3464 
22 0 61668 764.287 
23 0 447591 8791.98 
24 0 5.50968e+06 68190.1 
25 0 4.47339e+06 407448 
26 0 2.09063e+06 569608 
0 1 0 0 
1 1 0 0 
2 1 0 0 
3 1 0 0 
4 1 0 0 
5 1 0 0 
6 1 0 0 
7 1 0 0 
8 1 0 0 
9 1 0 0 
10 1 0 0 
11 1 0 0 
12 1 0 0 
13 1 0 0 
14 1 0 0 
15 1 0 0 
16 1 0 0 
17 1 0 0 
18 1 0 0 
19 1 0 0 
20 1 0 0 
21 1 0 0 
22 1 0 0 
23 1 0 0 
24 1 0 0 
25 1 0 0 
26 1 0 0 
#t = 244000; extr. Ts: 
0 0 0 0 
1 0 0 0 
2 0 0 0 
3 0 0 0 
4 0 0 0 
5 0 0 0 
6 0 0 0 
7 0 0 0 
8 0 0 0 
9 0 0 0 
10 0 0 0 
11 0 0 0 
12 0 0 0 
13 0 0 0 
14 0 0 0 
15 0 0 0 
16 0 0 0 
17 0 0 0 
18 0 0 0 
19 0 0 0 
20 0 0 0 
21 0 991 21.3464 
22 0 61815 766.109 
23 0 452910 8896.46 
24 0 5.55946e+06 68806.2 
25 0 4.51733e+06 411450 
26 0 2.09544e+06 570920 
0 1 0 0 
1 1 0 0 
2 1 0 0 
3 1 0 0 
4 1 0 0 
5 1 0 0 
6 1 0 0 
7 1 0 0 
8 1 0 0 
9 1 0 0 
10 1 0 0 
11 1 0 0 
12 1 0 0 
13 1 0 0 
14 1 0 0 
15 1 0 0 
16 1 0 0 
17 1 0 0 
18 1 0 0 
19 1 0 0 
20 1 0 0 
21 1 0 0 
22 1 0 0 
23 1 0 0 
24 1 0 0 
25 1 0 0 
26 1 0 0 
#t = 246000; extr. Ts: 
0 0 0 0 
1 0 0 0 
2 0 0 0 
3 0 0 0 
4 0 0 0 
5 0 0 0 
6 0 0 0 
7 0 0 0 
8 0 0 0 
9 0 0 0 
10 0 0 0 
11 0 0 0 
12 0 0 0 
13 0 0 0 
14 0 0 0 
15 0 0 0 
16 0 0 0 
17 0 0 0 
18 0 0 0 
19 0 0 0 
20 0 0 0 
21 0 991 21.3464 
22 0 61815 766.109 
23 0 453268 8903.49 
24 0 5.57271e+06 68970.2 
25 0 4.57732e+06 416914 
26 0 2.12585e+06 579205 
0 1 0 0 
1 1 0 0 
2 1 0 0 
3 1 0 0 
4 1 0 0 
5 1 0 0 
6 1 0 0 
7 1 0 0 
8 1 0 0 
9 1 0 0 
10 1 0 0 
11 1 0 0 
12 1 0 0 
13 1 0 0 
14 1 0 0 
15 1 0 0 
16 1 0 0 
17 1 0 0 
18 1 0 0 
19 1 0 0 
20 1 0 0 
21 1 0 0 
22 1 0 0 
23 1 0 0 
24 1 0 0 
25 1 0 0 
26 1 0 0 
#t = 248000; extr. Ts: 
0 0 0 0 
1 0 0 0 
2 0 0 0 
3 0 0 0 
4 0 0 0 
5 0 0 0 
6 0 0 0 
7 0 0 0 
8 0 0 0 
9 0 0 0 
10 0 0 0 
11 0 0 0 
12 0 0 0 
13 0 0 0 
14 0 0 0 
15 0 0 0 
16 0 0 0 
17 0 0 0 
18 0 0 0 
19 0 0 0 
20 0 0 0 
21 0 991 21.3464 
22 0 61815 766.109 
23 0 454140 8920.62 
24 0 5.63355e+06 69723.2 
25 0 4.61335e+06 420196 
26 0 2.1321e+06 580908 
0 1 0 0 
1 1 0 0 
2 1 0 0 
3 1 0 0 
4 1 0 0 
5 1 0 0 
6 1 0 0 
7 1 0 0 
8 1 0 0 
9 1 0 0 
10 1 0 0 
11 1 0 0 
12 1 0 0 
13 1 0 0 
14 1 0 0 
15 1 0 0 
16 1 0 0 
17 1 0 0 
18 1 0 0 
19 1 0 0 
20 1 0 0 
21 1 0 0 
22 1 0 0 
23 1 0 0 
24 1 0 0 
25 1 0 0 
26 1 0 0 
#t = 250000; extr. Ts: 
0 0 0 0 
1 0 0 0 
2 0 0 0 
3 0 0 0 
4 0 0 0 
5 0 0 0 
6 0 0 0 
7 0 0 0 
8 0 0 0 
9 0 0 0 
10 0 0 0 
11 0 0 0 
12 0 0 0 
13 0 0 0 
14 0 0 0 
15 0 0 0 
16 0 0 0 
17 0 0 0 
18 0 0 0 
19 0 0 0 
20 0 0 0 
21 0 991 21.3464 
22 0 61815 766.109 
23 0 455965 8956.47 
24 0 5.67061e+06 70181.8 
25 0 4.66136e+06 424569 
26 0 2.1492e+06 585568 
0 1 0 0 
1 1 0 0 
2 1 0 0 
3 1 0 0 
4 1 0 0 
5 1 0 0 
6 1 0 0 
7 1 0 0 
8 1 0 0 
9 1 0 0 
10 1 0 0 
11 1 0 0 
12 1 0 0 
13 1 0 0 
14 1 0 0 
15 1 0 0 
16 1 0 0 
17 1 0 0 
18 1 0 0 
19 1 0 0 
20 1 0 0 
21 1 0 0 
22 1 0 0 
23 1 0 0 
24 1 0 0 
25 1 0 0 
26 1 0 0 
#t = 252000; extr. Ts: 
0 0 0 0 
1 0 0 0 
2 0 0 0 
3 0 0 0 
4 0 0 0 
5 0 0 0 
6 0 0 0 
7 0 0 0 
8 0 0 0 
9 0 0 0 
10 0 0 0 
11 0 0 0 
12 0 0 0 
13 0 0 0 
14 0 0 0 
15 0 0 0 
16 0 0 0 
17 0 0 0 
18 0 0 0 
19 0 0 0 
20 0 0 0 
21 0 991 21.3464 
22 0 61815 766.109 
23 0 465769 9149.05 
24 0 5.72823e+06 70894.9 
25 0 4.69772e+06 427881 
26 0 2.14942e+06 585628 
0 1 0 0 
1 1 0 0 
2 1 0 0 
3 1 0 0 
4 1 0 0 
5 1 0 0 
6 1 0 0 
7 1 0 0 
8 1 0 0 
9 1 0 0 
10 1 0 0 
11 1 0 0 
12 1 0 0 
13 1 0 0 
14 1 0 0 
15 1 0 0 
16 1 0 0 
17 1 0 0 
18 1 0 0 
19 1 0 0 
20 1 0 0 
21 1 0 0 
22 1 0 0 
23 1 0 0 
24 1 0 0 
25 1 0 0 
26 1 0 0 
#t = 254000; extr. Ts: 
0 0 0 0 
1 0 0 0 
2 0 0 0 
3 0 0 0 
4 0 0 0 
5 0 0 0 
6 0 0 0 
7 0 0 0 
8 0 0 0 
9 0 0 0 
10 0 0 0 
11 0 0 0 
12 0 0 0 
13 0 0 0 
14 0 0 0 
15 0 0 0 
16 0 0 0 
17 0 0 0 
18 0 0 0 
19 0 0 0 
20 0 0 0 
21 0 991 21.3464 
22 0 62264 771.674 
23 0 478476 9398.65 
24 0 5.77565e+06 71481.8 
25 0 4.74115e+06 431836 
26 0 2.14942e+06 585628 
0 1 0 0 
1 1 0 0 
2 1 0 0 
3 1 0 0 
4 1 0 0 
5 1 0 0 
6 1 0 0 
7 1 0 0 
8 1 0 0 
9 1 0 0 
10 1 0 0 
11 1 0 0 
12 1 0 0 
13 1 0 0 
14 1 0 0 
15 1 0 0 
16 1 0 0 
17 1 0 0 
18 1 0 0 
19 1 0 0 
20 1 0 0 
21 1 0 0 
22 1 0 0 
23 1 0 0 
24 1 0 0 
25 1 0 0 
26 1 0 0 
#t = 256000; extr. Ts: 
0 0 0 0 
1 0 0 0 
2 0 0 0 
3 0 0 0 
4 0 0 0 
5 0 0 0 
6 0 0 0 
7 0 0 0 
8 0 0 0 
9 0 0 0 
10 0 0 0 
11 0 0 0 
12 0 0 0 
13 0 0 0 
14 0 0 0 
15 0 0 0 
16 0 0 0 
17 0 0 0 
18 0 0 0 
19 0 0 0 
20 0 0 0 
21 0 991 21.3464 
22 0 62264 771.674 
23 0 483731 9501.87 
24 0 5.84022e+06 72281 
25 0 4.77532e+06 434949 
26 0 2.14942e+06 585628 
0 1 0 0 
1 1 0 0 
2 1 0 0 
3 1 0 0 
4 1 0 0 
5 1 0 0 
6 1 0 0 
7 1 0 0 
8 1 0 0 
9 1 0 0 
10 1 0 0 
11 1 0 0 
12 1 0 0 
13 1 0 0 
14 1 0 0 
15 1 0 0 
16 1 0 0 
17 1 0 0 
18 1 0 0 
19 1 0 0 
20 1 0 0 
21 1 0 0 
22 1 0 0 
23 1 0 0 
24 1 0 0 
25 1 0 0 
26 1 0 0 
#t = 258000; extr. Ts: 
0 0 0 0 
1 0 0 0 
2 0 0 0 
3 0 0 0 
4 0 0 0 
5 0 0 0 
6 0 0 0 
7 0 0 0 
8 0 0 0 
9 0 0 0 
10 0 0 0 
11 0 0 0 
12 0 0 0 
13 0 0 0 
14 0 0 0 
15 0 0 0 
16 0 0 0 
17 0 0 0 
18 0 0 0 
19 0 0 0 
20 0 0 0 
21 0 991 21.3464 
22 0 62264 771.674 
23 0 485221 9531.14 
24 0 5.9081e+06 73121.1 
25 0 4.80995e+06 438103 
26 0 2.14942e+06 585628 
0 1 0 0 
1 1 0 0 
2 1 0 0 
3 1 0 0 
4 1 0 0 
5 1 0 0 
6 1 0 0 
7 1 0 0 
8 1 0 0 
9 1 0 0 
10 1 0 0 
11 1 0 0 
12 1 0 0 
13 1 0 0 
14 1 0 0 
15 1 0 0 
16 1 0 0 
17 1 0 0 
18 1 0 0 
19 1 0 0 
20 1 0 0 
21 1 0 0 
22 1 0 0 
23 1 0 0 
24 1 0 0 
25 1 0 0 
26 1 0 0 
#t = 260000; extr. Ts: 
0 0 0 0 
1 0 0 0 
2 0 0 0 
3 0 0 0 
4 0 0 0 
5 0 0 0 
6 0 0 0 
7 0 0 0 
8 0 0 0 
9 0 0 0 
10 0 0 0 
11 0 0 0 
12 0 0 0 
13 0 0 0 
14 0 0 0 
15 0 0 0 
16 0 0 0 
17 0 0 0 
18 0 0 0 
19 0 0 0 
20 0 850 11.155 
21 0 2114 45.5361 
22 0 75047 930.101 
23 0 507501 9968.78 
24 0 5.97282e+06 73922.1 
25 0 4.81219e+06 438307 
26 0 2.14942e+06 585628 
0 1 0 0 
1 1 0 0 
2 1 0 0 
3 1 0 0 
4 1 0 0 
5 1 0 0 
6 1 0 0 
7 1 0 0 
8 1 0 0 
9 1 0 0 
10 1 0 0 
11 1 0 0 
12 1 0 0 
13 1 0 0 
14 1 0 0 
15 1 0 0 
16 1 0 0 
17 1 0 0 
18 1 0 0 
19 1 0 0 
20 1 0 0 
21 1 0 0 
22 1 0 0 
23 1 0 0 
24 1 0 0 
25 1 0 0 
26 1 0 0 
#t = 262000; extr. Ts: 
0 0 0 0 
1 0 0 0 
2 0 0 0 
3 0 0 0 
4 0 0 0 
5 0 0 0 
6 0 0 0 
7 0 0 0 
8 0 0 0 
9 0 0 0 
10 0 0 0 
11 0 0 0 
12 0 0 0 
13 0 0 0 
14 0 0 0 
15 0 0 0 
16 0 0 0 
17 0 0 0 
18 0 0 0 
19 0 0 0 
20 0 850 11.155 
21 0 2114 45.5361 
22 0 75047 930.101 
23 0 507602 9970.77 
24 0 6.0296e+06 74624.9 
25 0 4.85931e+06 442598 
26 0 2.14942e+06 585628 
0 1 0 0 
1 1 0 0 
2 1 0 0 
3 1 0 0 
4 1 0 0 
5 1 0 0 
6 1 0 0 
7 1 0 0 
8 1 0 0 
9 1 0 0 
10 1 0 0 
11 1 0 0 
12 1 0 0 
13 1 0 0 
14 1 0 0 
15 1 0 0 
16 1 0 0 
17 1 0 0 
18 1 0 0 
19 1 0 0 
20 1 0 0 
21 1 0 0 
22 1 0 0 
23 1 0 0 
24 1 0 0 
25 1 0 0 
26 1 0 0 
#t = 264000; extr. Ts: 
0 0 0 0 
1 0 0 0 
2 0 0 0 
3 0 0 0 
4 0 0 0 
5 0 0 0 
6 0 0 0 
7 0 0 0 
8 0 0 0 
9 0 0 0 
10 0 0 0 
11 0 0 0 
12 0 0 0 
13 0 0 0 
14 0 0 0 
15 0 0 0 
16 0 0 0 
17 0 0 0 
18 0 0 0 
19 0 0 0 
20 0 850 11.155 
21 0 2449 52.7521 
22 0 93847 1163.1 
23 0 509937 10016.6 
24 0 6.10586e+06 75568.7 
25 0 4.86558e+06 443169 
26 0 2.14942e+06 585628 
0 1 0 0 
1 1 0 0 
2 1 0 0 
3 1 0 0 
4 1 0 0 
5 1 0 0 
6 1 0 0 
7 1 0 0 
8 1 0 0 
9 1 0 0 
10 1 0 0 
11 1 0 0 
12 1 0 0 
13 1 0 0 
14 1 0 0 
15 1 0 0 
16 1 0 0 
17 1 0 0 
18 1 0 0 
19 1 0 0 
20 1 0 0 
21 1 0 0 
22 1 0 0 
23 1 0 0 
24 1 0 0 
25 1 0 0 
26 1 0 0 
#t = 266000; extr. Ts: 
0 0 0 0 
1 0 0 0 
2 0 0 0 
3 0 0 0 
4 0 0 0 
5 0 0 0 
6 0 0 0 
7 0 0 0 
8 0 0 0 
9 0 0 0 
10 0 0 0 
11 0 0 0 
12 0 0 0 
13 0 0 0 
14 0 0 0 
15 0 0 0 
16 0 0 0 
17 0 0 0 
18 0 0 0 
19 0 0 0 
20 0 850 11.155 
21 0 2449 52.7521 
22 0 93847 1163.1 
23 0 511808 10053.4 
24 0 6.1767e+06 76445.4 
25 0 4.89687e+06 446020 
26 0 2.14942e+06 585628 
0 1 0 0 
1 1 0 0 
2 1 0 0 
3 1 0 0 
4 1 0 0 
5 1 0 0 
6 1 0 0 
7 1 0 0 
8 1 0 0 
9 1 0 0 
10 1 0 0 
11 1 0 0 
12 1 0 0 
13 1 0 0 
14 1 0 0 
15 1 0 0 
16 1 0 0 
17 1 0 0 
18 1 0 0 
19 1 0 0 
20 1 0 0 
21 1 0 0 
22 1 0 0 
23 1 0 0 
24 1 0 0 
25 1 0 0 
26 1 0 0 
#t = 268000; extr. Ts: 
0 0 0 0 
1 0 0 0 
2 0 0 0 
3 0 0 0 
4 0 0 0 
5 0 0 0 
6 0 0 0 
7 0 0 0 
8 0 0 0 
9 0 0 0 
10 0 0 0 
11 0 0 0 
12 0 0 0 
13 0 0 0 
14 0 0 0 
15 0 0 0 
16 0 0 0 
17 0 0 0 
18 0 0 0 
19 0 0 0 
20 0 850 11.155 
21 0 2449 52.7521 
22 0 93847 1163.1 
23 0 511808 10053.4 
24 0 6.21121e+06 76872.5 
25 0 4.96477e+06 452204 
26 0 2.15102e+06 586063 
0 1 0 0 
1 1 0 0 
2 1 0 0 
3 1 0 0 
4 1 0 0 
5 1 0 0 
6 1 0 0 
7 1 0 0 
8 1 0 0 
9 1 0 0 
10 1 0 0 
11 1 0 0 
12 1 0 0 
13 1 0 0 
14 1 0 0 
15 1 0 0 
16 1 0 0 
17 1 0 0 
18 1 0 0 
19 1 0 0 
20 1 0 0 
21 1 0 0 
22 1 0 0 
23 1 0 0 
24 1 0 0 
25 1 0 0 
26 1 0 0 
#t = 270000; extr. Ts: 
0 0 0 0 
1 0 0 0 
2 0 0 0 
3 0 0 0 
4 0 0 0 
5 0 0 0 
6 0 0 0 
7 0 0 0 
8 0 0 0 
9 0 0 0 
10 0 0 0 
11 0 0 0 
12 0 0 0 
13 0 0 0 
14 0 0 0 
15 0 0 0 
16 0 0 0 
17 0 0 0 
18 0 0 0 
19 0 0 0 
20 0 850 11.155 
21 0 2449 52.7521 
22 0 93847 1163.1 
23 0 511808 10053.4 
24 0 6.22295e+06 77017.8 
25 0 5.02864e+06 458022 
26 0 2.1794e+06 593796 
0 1 0 0 
1 1 0 0 
2 1 0 0 
3 1 0 0 
4 1 0 0 
5 1 0 0 
6 1 0 0 
7 1 0 0 
8 1 0 0 
9 1 0 0 
10 1 0 0 
11 1 0 0 
12 1 0 0 
13 1 0 0 
14 1 0 0 
15 1 0 0 
16 1 0 0 
17 1 0 0 
18 1 0 0 
19 1 0 0 
20 1 0 0 
21 1 0 0 
22 1 0 0 
23 1 0 0 
24 1 0 0 
25 1 0 0 
26 1 0 0 
#t = 272000; extr. Ts: 
0 0 0 0 
1 0 0 0 
2 0 0 0 
3 0 0 0 
4 0 0 0 
5 0 0 0 
6 0 0 0 
7 0 0 0 
8 0 0 0 
9 0 0 0 
10 0 0 0 
11 0 0 0 
12 0 0 0 
13 0 0 0 
14 0 0 0 
15 0 0 0 
16 0 0 0 
17 0 0 0 
18 0 0 0 
19 0 0 0 
20 0 850 11.155 
21 0 2449 52.7521 
22 0 93847 1163.1 
23 0 511808 10053.4 
24 0 6.23521e+06 77169.5 
25 0 5.08101e+06 462791 
26 0 2.21878e+06 604524 
0 1 0 0 
1 1 0 0 
2 1 0 0 
3 1 0 0 
4 1 0 0 
5 1 0 0 
6 1 0 0 
7 1 0 0 
8 1 0 0 
9 1 0 0 
10 1 0 0 
11 1 0 0 
12 1 0 0 
13 1 0 0 
14 1 0 0 
15 1 0 0 
16 1 0 0 
17 1 0 0 
18 1 0 0 
19 1 0 0 
20 1 0 0 
21 1 0 0 
22 1 0 0 
23 1 0 0 
24 1 0 0 
25 1 0 0 
26 1 0 0 
#t = 274000; extr. Ts: 
0 0 0 0 
1 0 0 0 
2 0 0 0 
3 0 0 0 
4 0 0 0 
5 0 0 0 
6 0 0 0 
7 0 0 0 
8 0 0 0 
9 0 0 0 
10 0 0 0 
11 0 0 0 
12 0 0 0 
13 0 0 0 
14 0 0 0 
15 0 0 0 
16 0 0 0 
17 0 0 0 
18 0 0 0 
19 0 0 0 
20 0 850 11.155 
21 0 2449 52.7521 
22 0 93847 1163.1 
23 0 511808 10053.4 
24 0 6.23773e+06 77200.7 
25 0 5.13884e+06 468059 
26 0 2.26242e+06 616416 
0 1 0 0 
1 1 0 0 
2 1 0 0 
3 1 0 0 
4 1 0 0 
5 1 0 0 
6 1 0 0 
7 1 0 0 
8 1 0 0 
9 1 0 0 
10 1 0 0 
11 1 0 0 
12 1 0 0 
13 1 0 0 
14 1 0 0 
15 1 0 0 
16 1 0 0 
17 1 0 0 
18 1 0 0 
19 1 0 0 
20 1 0 0 
21 1 0 0 
22 1 0 0 
23 1 0 0 
24 1 0 0 
25 1 0 0 
26 1 0 0 
#t = 276000; extr. Ts: 
0 0 0 0 
1 0 0 0 
2 0 0 0 
3 0 0 0 
4 0 0 0 
5 0 0 0 
6 0 0 0 
7 0 0 0 
8 0 0 0 
9 0 0 0 
10 0 0 0 
11 0 0 0 
12 0 0 0 
13 0 0 0 
14 0 0 0 
15 0 0 0 
16 0 0 0 
17 0 0 0 
18 0 0 0 
19 0 0 0 
20 0 850 11.155 
21 0 2449 52.7521 
22 0 93847 1163.1 
23 0 511808 10053.4 
24 0 6.24078e+06 77238.5 
25 0 5.23548e+06 476861 
26 0 2.26674e+06 617591 
0 1 0 0 
1 1 0 0 
2 1 0 0 
3 1 0 0 
4 1 0 0 
5 1 0 0 
6 1 0 0 
7 1 0 0 
8 1 0 0 
9 1 0 0 
10 1 0 0 
11 1 0 0 
12 1 0 0 
13 1 0 0 
14 1 0 0 
15 1 0 0 
16 1 0 0 
17 1 0 0 
18 1 0 0 
19 1 0 0 
20 1 0 0 
21 1 0 0 
22 1 0 0 
23 1 0 0 
24 1 0 0 
25 1 0 0 
26 1 0 0 
#t = 278000; extr. Ts: 
0 0 0 0 
1 0 0 0 
2 0 0 0 
3 0 0 0 
4 0 0 0 
5 0 0 0 
6 0 0 0 
7 0 0 0 
8 0 0 0 
9 0 0 0 
10 0 0 0 
11 0 0 0 
12 0 0 0 
13 0 0 0 
14 0 0 0 
15 0 0 0 
16 0 0 0 
17 0 0 0 
18 0 0 0 
19 0 0 0 
20 0 850 11.155 
21 0 2449 52.7521 
22 0 93847 1163.1 
23 0 511808 10053.4 
24 0 6.25725e+06 77442.3 
25 0 5.30867e+06 483527 
26 0 2.28108e+06 621498 
0 1 0 0 
1 1 0 0 
2 1 0 0 
3 1 0 0 
4 1 0 0 
5 1 0 0 
6 1 0 0 
7 1 0 0 
8 1 0 0 
9 1 0 0 
10 1 0 0 
11 1 0 0 
12 1 0 0 
13 1 0 0 
14 1 0 0 
15 1 0 0 
16 1 0 0 
17 1 0 0 
18 1 0 0 
19 1 0 0 
20 1 0 0 
21 1 0 0 
22 1 0 0 
23 1 0 0 
24 1 0 0 
25 1 0 0 
26 1 0 0 
#t = 280000; extr. Ts: 
0 0 0 0 
1 0 0 0 
2 0 0 0 
3 0 0 0 
4 0 0 0 
5 0 0 0 
6 0 0 0 
7 0 0 0 
8 0 0 0 
9 0 0 0 
10 0 0 0 
11 0 0 0 
12 0 0 0 
13 0 0 0 
14 0 0 0 
15 0 0 0 
16 0 0 0 
17 0 0 0 
18 0 0 0 
19 0 0 0 
20 0 850 11.155 
21 0 2449 52.7521 
22 0 96465 1195.55 
23 0 519507 10204.6 
24 0 6.30138e+06 77988.5 
25 0 5.33362e+06 485800 
26 0 2.30568e+06 628202 
0 1 0 0 
1 1 0 0 
2 1 0 0 
3 1 0 0 
4 1 0 0 
5 1 0 0 
6 1 0 0 
7 1 0 0 
8 1 0 0 
9 1 0 0 
10 1 0 0 
11 1 0 0 
12 1 0 0 
13 1 0 0 
14 1 0 0 
15 1 0 0 
16 1 0 0 
17 1 0 0 
18 1 0 0 
19 1 0 0 
20 1 0 0 
21 1 0 0 
22 1 0 0 
23 1 0 0 
24 1 0 0 
25 1 0 0 
26 1 0 0 
#t = 282000; extr. Ts: 
0 0 0 0 
1 0 0 0 
2 0 0 0 
3 0 0 0 
4 0 0 0 
5 0 0 0 
6 0 0 0 
7 0 0 0 
8 0 0 0 
9 0 0 0 
10 0 0 0 
11 0 0 0 
12 0 0 0 
13 0 0 0 
14 0 0 0 
15 0 0 0 
16 0 0 0 
17 0 0 0 
18 0 0 0 
19 0 0 0 
20 0 850 11.155 
21 0 2449 52.7521 
22 0 96465 1195.55 
23 0 519710 10208.6 
24 0 6.30956e+06 78089.7 
25 0 5.39082e+06 491010 
26 0 2.3441e+06 638669 
0 1 0 0 
1 1 0 0 
2 1 0 0 
3 1 0 0 
4 1 0 0 
5 1 0 0 
6 1 0 0 
7 1 0 0 
8 1 0 0 
9 1 0 0 
10 1 0 0 
11 1 0 0 
12 1 0 0 
13 1 0 0 
14 1 0 0 
15 1 0 0 
16 1 0 0 
17 1 0 0 
18 1 0 0 
19 1 0 0 
20 1 0 0 
21 1 0 0 
22 1 0 0 
23 1 0 0 
24 1 0 0 
25 1 0 0 
26 1 0 0 
#t = 284000; extr. Ts: 
0 0 0 0 
1 0 0 0 
2 0 0 0 
3 0 0 0 
4 0 0 0 
5 0 0 0 
6 0 0 0 
7 0 0 0 
8 0 0 0 
9 0 0 0 
10 0 0 0 
11 0 0 0 
12 0 0 0 
13 0 0 0 
14 0 0 0 
15 0 0 0 
16 0 0 0 
17 0 0 0 
18 0 0 0 
19 0 0 0 
20 0 850 11.155 
21 0 2449 52.7521 
22 0 96465 1195.55 
23 0 519855 10211.5 
24 0 6.32474e+06 78277.6 
25 0 5.45283e+06 496657 
26 0 2.37076e+06 645935 
0 1 0 0 
1 1 0 0 
2 1 0 0 
3 1 0 0 
4 1 0 0 
5 1 0 0 
6 1 0 0 
7 1 0 0 
8 1 0 0 
9 1 0 0 
10 1 0 0 
11 1 0 0 
12 1 0 0 
13 1 0 0 
14 1 0 0 
15 1 0 0 
16 1 0 0 
17 1 0 0 
18 1 0 0 
19 1 0 0 
20 1 0 0 
21 1 0 0 
22 1 0 0 
23 1 0 0 
24 1 0 0 
25 1 0 0 
26 1 0 0 
