0 0 10.773364298786724
0 1 0
1 0 50.99715675791556
1 1 0
2 0 8.905312844786236
2 1 0
3 0 42.66577441264747
3 1 0
4 0 24.639356541873138
4 1 0
5 0 83.95053581055627
5 1 0
6 0 91.95491621628553
6 1 0
7 0 60.676074128122394
7 1 0
8 0 58.083274248990314
8 1 0
9 0 76.17746096625814
9 1 0
10 0 21.548169051978416
10 1 0
11 0 13.054534210831337
11 1 0
12 0 40.691380391485986
12 1 0
13 0 43.170784765177615
13 1 0
14 0 31.209859898496372
14 1 0
15 0 6.7376926499205885
15 1 0
16 0 25.08999962907571
16 1 0
17 0 64.63508663831416
17 1 0
18 0 58.68298651251447
18 1 0
19 0 30.50814662441293
19 1 0
20 0 76.19901081327394
20 1 0
21 0 46.42467470600577
21 1 0
22 0 80.6869446939807
22 1 0
23 0 50.9090231625985
23 1 0
24 0 80.7988289158286
24 1 0
25 0 10.97905246466091
25 1 0
26 0 3.670286600436856
26 1 0
